testcase/acc5.txt
ncols         262 
nrows         133 
xllcorner     4472949 
yllcorner     5543742 
cellsize      5 
NODATA_value  -9999 
[rows 66 to 131 of 133, columns 0 to 95 of 262]
38 31 80 32 31 33 32 32 41 32 32 68 13 14 33 32 40 17 33 84 19 20 25 21 28 21 20 31 7 19 19 17 20 14 27 28 29 30 31 32 33 34 84 85 86 87 1222 0 1 82568 82578 7 18 4 2 7 1 16 0 1 17 28 23 27 24 27 0 77 26 35 41 0 30 1 27 31 0 23 7 179 8 39 31 45 25 43 29 311 21 72 3 132 94 3 5 114
30 79 31 30 32 31 31 40 31 31 67 12 13 32 31 39 16 32 83 18 19 24 20 27 20 19 30 6 18 18 16 19 13 11 11 12 13 14 15 16 17 18 36 56 57 73 0 1224 1226 81335 8 6 7 4 3 1 6 0 15 0 16 27 22 26 23 26 0 75 25 34 40 29 0 26 11 18 8 13 6 178 7 38 30 44 24 42 28 310 20 71 2 131 93 2 4 113
78 30 29 31 30 30 39 30 30 66 11 12 31 30 38 15 31 82 17 18 23 19 26 19 18 29 5 17 17 15 18 12 10 10 9 10 11 12 13 14 15 16 15 18 14 0 0 1 81333 0 0 7 5 6 3 2 0 5 0 13 15 26 21 25 22 25 0 73 24 33 39 28 25 10 8 8 7 12 5 177 6 37 29 43 23 41 27 309 19 70 1 130 92 1 3 112
29 28 30 29 29 38 29 29 65 10 11 30 29 37 14 30 81 16 17 22 18 25 18 17 28 4 16 16 14 17 11 9 9 8 7 8 9 10 11 12 13 14 0 0 11 0 0 1 81329 0 1 0 6 4 5 2 1 0 3 12 14 25 20 24 21 24 0 71 23 32 38 27 24 9 7 7 6 11 4 176 5 36 28 42 22 40 26 308 18 69 0 129 91 0 2 107
27 29 28 28 37 28 28 64 9 10 29 28 36 13 29 80 15 16 21 17 24 17 16 27 3 15 15 13 16 10 8 8 7 6 1 2 3 4 5 6 7 8 9 10 0 1 2 0 0 81323 106 105 104 5 3 4 1 0 2 11 13 24 19 23 20 23 0 69 22 31 37 26 23 8 6 6 5 10 3 175 4 35 27 41 21 39 25 307 17 68 2 125 50 39 1 106
28 27 27 36 27 27 63 8 9 28 27 35 12 28 79 14 15 20 16 23 16 15 26 2 14 14 12 15 9 7 7 6 5 0 0 1 2 3 4 5 6 7 8 9 0 0 1 81187 81191 9 11 1 0 103 4 2 3 0 1 10 12 23 18 22 19 22 0 67 21 30 36 25 22 7 5 5 4 9 2 174 3 34 26 40 20 38 24 306 16 67 1 124 49 38 0 105
26 26 35 26 26 62 7 8 27 26 34 11 27 78 13 14 19 15 22 15 14 25 1 13 13 11 14 8 6 6 5 4 2 3 4 5 6 7 8 9 10 11 12 13 24 26 81172 8 2 3 4 8 4 1 102 3 1 2 0 9 11 22 17 21 18 21 0 65 20 29 35 24 21 6 4 4 3 8 1 173 2 33 25 39 19 37 23 305 15 66 0 123 48 37 0 103
25 34 25 25 61 6 7 26 25 33 10 26 77 12 13 18 14 21 14 13 24 0 12 12 10 13 7 5 5 4 3 1 0 1 2 3 4 5 6 7 8 9 10 11 12 13 81144 0 7 1 2 3 2 1 0 101 2 0 1 8 10 21 16 20 17 20 0 63 19 28 34 23 20 5 3 3 2 7 0 172 1 32 24 38 18 36 22 304 7 6 65 122 47 36 93 2
33 24 24 60 5 6 25 24 32 9 25 76 11 12 17 13 20 13 12 11 11 11 11 9 12 6 4 4 3 2 0 0 1 2 3 4 5 6 7 8 9 10 11 12 0 0 81128 0 6 0 0 0 2 1 0 97 2 1 0 7 9 20 15 19 16 19 0 61 18 27 33 22 19 4 2 2 1 6 24 146 0 31 23 37 17 35 21 303 6 5 64 121 46 35 92 1
23 23 59 4 5 24 23 31 8 24 75 10 11 16 12 19 12 11 10 10 10 10 8 11 5 3 3 2 1 0 1 2 3 4 5 6 7 8 19 20 21 22 23 24 38 81067 39 17 0 5 4 3 2 1 0 93 2 1 0 6 8 19 14 18 15 18 0 59 17 26 32 21 18 3 1 1 0 5 23 145 30 22 36 16 15 18 20 302 5 4 63 120 45 34 91 0
22 58 3 4 23 22 30 7 23 74 9 10 15 11 18 11 10 9 9 9 9 7 10 4 2 2 1 0 0 1 2 3 4 5 6 7 8 9 0 14 15 16 17 18 19 81026 0 38 15 8 4 3 2 1 0 88 3 1 0 5 7 18 13 17 14 17 0 57 16 25 31 20 17 2 0 0 4 22 144 29 21 18 16 15 14 17 19 301 4 3 62 119 44 33 89 0
57 2 3 22 21 29 6 22 73 8 9 14 10 17 10 9 8 8 8 8 6 9 3 1 1 0 0 1 2 3 4 5 6 7 8 9 10 11 12 15 17 18 19 20 80998 3 1 16 20 5 2 1 0 1 0 85 1 2 0 4 6 17 12 16 13 16 0 55 15 24 30 19 16 1 0 3 21 106 36 28 20 17 15 14 13 16 18 300 3 2 61 118 43 32 41 46
1 2 21 20 28 5 21 72 7 8 13 9 16 9 8 7 7 7 7 5 8 2 0 0 0 1 2 3 4 5 6 7 8 9 10 11 12 13 14 0 0 1 2 25 80976 0 1 0 15 19 4 3 2 1 0 81 2 0 1 3 5 16 11 15 12 15 0 53 14 23 29 18 15 0 1 20 74 30 35 27 19 16 14 13 12 15 17 299 2 1 60 117 42 31 40 45
1 20 19 27 4 20 71 6 7 12 8 15 8 7 6 6 6 6 4 7 1 0 1 2 3 4 5 6 7 8 9 10 11 12 13 14 15 16 17 18 19 20 21 30 2 80915 1 0 13 0 18 8 4 1 0 76 3 1 0 2 4 15 10 14 11 14 0 51 13 22 28 17 14 0 19 50 22 29 34 26 18 15 13 12 11 14 16 298 1 0 59 116 41 30 39 43
19 18 26 3 19 70 5 6 11 7 14 7 6 5 5 5 5 3 6 0 0 1 2 3 4 5 6 7 8 9 10 11 12 13 14 0 0 1 2 3 4 5 29 0 0 80912 1 0 1 10 4 3 2 1 0 69 5 2 0 1 3 14 9 13 10 13 0 49 12 21 27 16 13 18 0 48 21 28 33 25 17 14 12 11 10 13 15 297 0 58 74 40 40 29 38 0
17 25 2 18 69 4 5 10 6 13 6 5 4 4 4 4 2 5 0 1 2 3 4 5 6 7 8 9 10 11 12 13 14 15 0 15 17 18 19 20 21 22 0 1 80903 1 3 0 0 4 4 3 2 1 0 62 5 4 1 0 2 13 8 12 9 12 0 47 11 20 26 15 12 17 0 46 20 27 32 24 16 13 11 10 9 12 14 296 57 0 72 39 39 28 25 11
24 1 17 68 3 4 9 5 12 5 4 3 3 3 3 1 4 0 1 2 3 4 5 6 7 8 9 10 11 12 13 14 15 0 17 19 20 21 22 23 24 25 26 27 80900 0 0 2 1 0 3 3 2 1 0 58 2 4 3 0 1 12 7 11 8 11 0 45 10 19 25 14 11 16 0 44 19 26 31 23 15 12 10 9 8 11 13 295 56 29 41 38 38 27 24 10
0 16 67 2 3 8 4 11 4 3 2 2 2 2 0 3 0 1 2 3 4 5 6 7 8 9 10 11 12 13 14 15 0 17 18 40 1972 1973 1974 1975 1976 0 1 15469 65394 5 4 3 2 1 0 2 2 1 0 52 4 1 3 2 0 11 6 10 7 10 0 43 9 18 24 13 10 15 0 42 18 25 30 22 14 11 9 8 7 10 12 294 55 28 40 37 37 26 23 9
15 66 1 2 7 3 10 3 2 1 1 1 1 1 2 0 1 2 3 4 5 6 7 8 9 10 11 12 13 0 0 1 18 19 20 1930 29 40 42 43 0 15461 15466 0 2 65389 0 5 4 3 2 1 1 1 0 46 4 3 0 2 1 10 5 9 6 9 6 35 8 17 23 12 9 14 22 18 17 24 29 21 13 10 8 7 6 9 11 293 54 27 39 36 36 25 22 8
65 0 1 6 2 9 2 1 0 0 0 0 0 0 1 2 3 4 5 6 7 8 9 10 11 12 13 0 0 14 16 17 18 1926 1929 28 9 0 0 0 13482 1 1 1 9 65365 11 4 3 2 1 0 0 0 0 34 10 3 2 1 0 9 4 8 5 8 5 34 7 16 22 11 8 13 21 17 16 23 28 20 12 9 7 6 5 8 10 292 53 26 38 35 35 24 21 7
11 0 5 1 8 1 0 0 1 2 3 4 5 6 7 8 9 10 11 12 13 14 15 16 17 18 0 14 16 18 19 370 1906 1 27 8 1 2 0 13436 0 0 0 8 0 0 65362 8 7 6 5 4 3 2 0 22 10 9 2 1 0 8 3 7 4 7 4 33 6 15 21 10 7 12 20 16 15 22 27 19 11 8 6 5 4 7 9 291 52 25 37 34 34 23 20 6
3 4 0 7 0 6 7 8 9 10 11 12 13 14 15 16 17 18 19 20 21 22 23 24 25 0 19 21 22 23 349 1534 0 26 7 0 0 1 13432 0 0 1 2 4 52 65352 0 6 5 4 3 2 1 0 0 0 20 9 8 1 0 7 2 6 3 6 3 32 5 14 20 9 6 11 19 15 14 21 26 18 10 7 5 4 3 6 8 290 51 24 36 33 33 22 19 5
2 5 6 3 5 0 1 2 3 4 5 6 7 8 9 10 11 12 13 14 15 16 17 0 0 27 29 30 31 324 1533 12 25 6 1 2 3 13425 0 0 1 2 3 51 1 3 65293 13 12 11 10 9 8 7 6 3 2 19 8 7 0 6 1 5 2 5 2 31 4 13 19 8 5 10 18 14 13 20 25 17 9 6 4 3 2 5 7 289 50 23 35 32 32 21 18 4
1 1 2 0 30 31 32 33 34 35 36 37 38 39 40 41 42 43 44 45 46 47 0 18 20 21 22 77 291 1532 11 11 5 0 0 13413 13419 0 13 19 20 21 50 0 0 0 65271 13 12 11 10 9 8 7 6 1 0 1 18 7 6 5 0 4 1 4 1 30 3 12 18 7 4 9 17 13 12 19 24 16 8 5 3 2 1 4 6 288 49 22 34 31 31 20 17 3
0 27 28 29 18 19 20 21 22 23 24 25 26 27 28 29 30 31 32 33 34 0 48 50 51 52 53 212 1531 10 10 4 1 0 13411 3 0 12 4 5 6 26 0 0 0 1 65255 17 6 5 4 3 2 1 0 5 4 3 0 17 6 5 4 3 0 3 0 29 2 11 17 6 3 8 16 12 11 18 23 15 7 4 2 1 0 3 5 287 48 21 33 30 30 19 16 2
26 1 16 17 6 8 9 10 11 12 13 14 15 16 17 18 19 20 21 0 0 36 38 39 199 205 211 1530 9 9 3 0 0 13409 1 0 11 3 4 16 17 18 20 21 48 65197 0 35 9 8 7 6 5 4 3 2 1 0 2 1 16 5 4 3 2 1 0 28 1 10 16 5 2 7 15 11 10 17 22 14 6 3 1 0 2 4 5 280 47 20 32 29 29 18 15 1
0 13 4 5 0 0 1 2 3 4 5 6 7 8 9 10 11 12 13 22 24 25 125 158 4 4 1529 8 8 2 0 1 13403 1 0 10 2 3 15 5 18 19 21 24 14 65130 1 0 34 33 32 31 30 29 28 4 3 2 1 0 0 15 4 3 2 1 0 27 0 9 15 4 1 6 14 10 9 16 21 13 5 2 0 1 3 4 6 272 46 19 31 28 28 17 14 0
12 3 1 2 3 7 8 9 10 11 12 13 14 15 16 17 18 19 20 35 36 98 31 3 3 1528 7 7 1 0 13338 13399 0 0 9 1 2 14 4 11 5 20 1 13 0 0 65127 0 35 5 4 3 2 1 0 22 21 20 19 18 17 16 14 3 2 1 0 25 0 8 14 3 0 5 13 9 8 15 20 12 4 1 0 2 3 5 234 36 45 18 30 27 27 16 13 0
2 0 0 1 2 0 1 2 3 4 5 6 7 8 9 10 11 12 13 14 60 30 2 2 1527 6 6 0 0 13336 43 0 14 8 0 1 13 3 10 4 0 12 0 12 5 0 65125 36 0 28 27 26 25 24 23 22 21 20 19 18 17 16 15 13 2 1 0 23 0 7 13 1 0 4 12 8 7 14 19 11 3 0 1 2 4 12 220 35 44 17 29 26 26 15 12 0
8 9 13 15 16 17 31 32 33 34 35 36 37 38 39 40 41 42 43 44 29 1 1 1526 5 5 0 0 13332 1 41 0 13 7 0 12 2 9 3 3 11 4 11 4 0 3403 0 61681 0 28 27 26 25 24 23 22 21 20 19 18 17 16 15 14 12 1 0 21 0 6 10 1 0 3 11 7 6 13 18 10 2 0 1 3 11 135 83 34 43 16 28 25 25 14 11 0
1 2 0 0 11 12 0 1 2 3 4 5 6 7 8 9 10 11 12 28 0 0 1525 4 4 0 0 13329 0 0 40 4 7 6 11 1 8 2 2 6 3 3 1 3 2 11 3383 61678 29 0 11 10 9 8 7 6 5 4 3 2 1 0 15 14 13 11 0 19 0 5 7 1 0 2 10 6 5 12 17 9 1 0 2 10 20 113 82 33 42 15 27 24 24 13 10 0
6 7 8 9 0 1 2 3 4 5 6 7 8 9 10 11 12 13 14 108 110 1524 3 3 0 1 13324 0 0 39 3 6 5 10 0 7 1 1 5 2 2 0 2 1 0 6 3382 0 61646 12 0 16 15 14 13 12 11 10 9 8 7 6 5 14 13 12 10 6 11 4 3 2 0 1 9 5 4 11 16 8 0 1 9 19 87 24 81 32 41 14 26 23 23 12 9 12
89 90 91 92 93 94 95 96 97 98 99 100 101 102 103 104 105 106 107 0 1412 2 2 0 13301 13318 0 0 38 2 5 4 9 5 6 0 0 4 1 1 0 1 0 4 5 485 151 2743 1 61629 17 37 36 35 34 33 32 31 30 29 28 27 26 4 13 12 11 9 5 10 3 2 1 0 8 4 3 10 15 7 0 8 18 42 43 23 80 31 40 13 25 22 22 11 8 11
9 10 11 12 13 14 15 16 0 0 1 2 3 4 5 6 7 1359 1360 1411 1 1 0 13299 13 0 0 37 1 4 3 8 4 0 1 2 3 0 0 0 1 2 3 314 483 0 150 2742 0 0 61608 14 13 12 11 10 9 8 7 6 5 4 3 25 3 12 11 10 8 4 9 2 1 0 7 3 2 9 14 6 7 17 41 20 21 22 79 30 39 12 24 21 21 10 7 10
12 13 14 15 16 17 18 19 17 19 20 21 22 1347 1348 1349 1350 0 49 0 0 13286 13295 1 0 11 36 0 3 2 7 3 0 1 6 7 155 194 195 196 197 198 313 28 138 148 0 2739 1 0 61554 11 10 9 8 7 6 5 4 3 2 1 0 2 24 2 11 10 9 7 3 8 1 0 6 2 1 8 13 5 6 16 40 19 20 21 78 29 38 11 23 20 20 9 6 9
20 21 22 23 24 25 26 27 48 49 50 51 1323 15 29 38 44 47 1 2 13285 1 5 0 10 34 0 2 1 6 2 1 2 3 0 146 37 23 49 75 112 113 27 52 84 147 379 2358 0 0 61540 12 11 10 9 8 7 6 5 4 3 2 1 0 1 23 1 10 9 8 6 2 7 0 5 1 0 7 12 4 5 15 39 18 19 20 77 28 37 10 22 19 19 8 5 8
14 15 0 0 0 0 0 1 2 3 4 1270 14 12 7 4 1 0 0 13271 9 0 4 9 2 30 1 0 5 1 0 66 97 119 144 36 22 24 24 35 25 26 51 26 56 146 378 1 2355 0 1 61522 12 11 10 9 8 7 6 5 4 3 2 1 0 0 22 0 9 8 7 5 1 6 2 1 0 6 11 3 4 14 38 17 18 19 76 27 36 9 21 18 18 7 4 7
0 0 16 1 1 1 3 4 5 6 1264 13 11 6 3 0 0 0 13264 4 5 2 3 8 1 29 0 4 0 0 65 29 20 23 35 21 23 23 34 24 24 50 25 25 29 145 377 0 2354 0 0 61508 19 18 17 16 15 14 13 12 11 10 9 8 7 6 5 21 9 8 7 6 4 0 5 1 0 5 10 2 3 13 37 16 17 18 75 26 35 8 20 17 17 6 3 6
1 1 1 17 2 2 3 4 33 1256 12 10 5 2 0 0 13240 13256 5 3 4 1 2 7 0 28 3 21 42 63 28 19 22 34 20 22 22 33 23 23 24 24 24 1 26 144 81 294 2352 0 0 61486 14 13 12 11 10 9 8 7 6 5 4 3 2 1 0 4 10 8 7 6 5 3 0 3 0 4 9 1 2 12 36 15 16 17 74 25 34 7 19 16 16 5 2 5
54 2 2 2 21 25 26 27 1221 11 9 4 1 0 0 13238 7 5 4 2 3 0 1 6 27 2 20 19 19 27 18 21 33 19 21 21 32 22 22 23 23 23 0 25 106 36 80 264 28 2351 0 61466 1 0 22 21 20 19 18 17 16 15 14 13 12 11 10 9 3 9 7 6 5 4 2 1 0 3 8 0 1 11 35 14 15 16 73 24 33 6 18 15 15 4 1 4
2 55 3 7 8 9 1194 1220 10 8 3 0 0 1 13221 13 6 4 3 1 2 0 5 26 1 19 18 18 26 17 20 32 18 20 20 31 21 21 22 22 22 23 24 105 32 2 79 263 27 2349 0 0 61464 24 0 17 16 15 14 13 12 11 10 9 8 7 6 5 8 2 8 6 5 4 3 1 0 2 7 0 3 6 34 13 14 15 72 23 32 5 17 14 14 3 0 3
3 7 64 1165 1182 1183 24 9 7 2 0 0 13197 13211 5 12 5 3 2 0 1 4 25 0 18 17 17 25 16 19 31 17 19 19 30 20 20 21 21 21 22 22 104 31 1 51 26 262 26 2346 1 0 61438 32 31 12 11 10 9 8 7 6 5 4 3 2 1 0 4 7 1 7 5 4 3 2 0 1 6 0 1 5 33 12 13 14 71 22 31 4 16 13 13 1 0 2
100 101 1099 15 12 23 8 6 1 0 0 13195 5 6 4 11 4 2 1 0 3 9 14 17 16 16 24 15 18 30 16 18 18 29 19 19 20 20 20 21 21 80 30 0 50 25 2 258 25 2342 2 0 61404 15 14 13 12 11 10 9 8 7 6 5 4 3 2 1 0 3 6 0 6 4 3 2 1 0 5 0 1 2 32 11 12 13 70 21 30 3 15 12 2 9 0 1
82 996 14 11 9 7 5 0 0 1 13182 9 4 5 3 10 3 1 0 2 8 13 16 15 15 23 14 17 29 15 17 17 28 18 18 19 19 19 20 20 79 29 21 49 24 1 143 113 24 1314 1026 0 61353 33 15 14 13 12 11 10 9 8 7 6 5 4 3 2 1 0 2 5 4 5 3 2 1 0 4 0 1 6 24 10 11 12 69 20 29 2 12 1 11 1 8 0
912 13 10 8 6 4 1 0 13129 13150 27 8 3 4 2 9 2 0 1 7 12 15 14 14 22 13 16 28 14 16 16 27 17 17 18 18 18 19 19 78 28 20 26 23 0 142 1 110 23 1313 1024 0 61351 0 16 15 14 13 12 11 10 9 8 7 6 5 4 3 2 1 0 1 0 3 4 2 1 0 3 0 1 3 23 9 10 11 68 19 28 1 11 0 8 1 0 7
12 9 7 5 3 0 0 13127 5 13 26 7 2 3 1 8 1 0 6 11 14 13 13 21 12 15 27 13 15 15 26 16 16 17 17 17 18 18 77 27 19 25 22 21 141 0 109 1 20 1312 1021 1 0 61350 19 18 17 16 15 14 13 12 11 10 9 8 7 6 5 4 3 2 1 0 2 3 1 0 2 0 2 1 20 8 9 10 67 18 27 0 9 0 5 1 0 6
8 6 4 2 0 13098 13117 5 4 12 25 6 1 2 0 7 0 5 10 13 12 12 20 11 14 26 12 14 14 25 15 15 16 16 16 17 17 76 26 18 24 21 20 25 92 108 0 1 17 1311 1018 1 0 61329 21 20 19 18 17 16 15 14 13 12 11 10 9 8 7 6 5 4 3 2 1 1 2 0 1 1 0 4 14 7 8 9 66 17 19 6 4 3 2 1 0 5
5 3 1 0 13096 14 2 4 3 11 24 5 0 1 2 3 4 9 12 11 11 19 10 13 25 11 13 13 24 14 14 15 15 15 16 16 75 25 17 23 20 19 24 69 21 107 0 14 1 1310 19 997 0 61306 11 10 9 8 7 6 5 4 3 2 1 0 1 0 0 0 0 3 2 1 0 0 0 1 0 0 3 1 11 6 7 8 65 16 11 6 5 3 2 1 0 4
2 0 0 13089 4 13 1 3 2 10 23 4 0 1 2 3 8 11 10 10 18 9 12 24 10 12 12 23 13 13 14 14 14 15 15 74 24 16 22 19 18 23 68 20 16 89 13 0 1305 3 18 996 0 61277 13 12 11 10 9 8 7 6 5 4 3 2 0 1 1 1 4 0 5 4 3 2 1 0 0 2 0 5 4 5 6 7 64 9 5 10 5 4 2 1 0 3
0 12945 13073 13 3 12 0 2 1 9 22 3 0 1 2 7 10 9 9 17 8 11 23 9 11 11 22 12 12 13 13 13 14 14 73 23 15 21 18 17 22 67 19 15 15 72 12 1304 0 1 17 995 0 0 61274 11 10 9 8 7 6 5 4 3 2 1 2 2 2 5 1 6 6 5 4 3 2 1 0 1 1 2 3 4 5 6 53 9 8 4 9 4 3 1 0 2
12943 113 12 12 1 0 11 1 0 8 21 2 0 1 6 9 8 8 16 7 10 22 8 10 10 21 11 11 12 12 12 13 13 72 22 14 20 17 16 21 66 18 14 14 71 5 5 1303 0 5 10 993 0 0 61261 8 7 6 5 4 3 2 1 0 0 3 3 3 6 2 7 7 0 1 0 1 0 1 0 0 0 1 2 3 4 5 41 10 8 7 3 8 3 2 0 1
84 112 11 7 3 0 10 0 2 4 20 1 0 5 8 7 7 15 6 9 21 7 9 9 20 10 10 11 11 11 12 12 71 21 13 19 16 15 20 65 17 13 13 70 4 4 1287 14 4 7 1 987 4 0 61250 77 8 7 6 5 4 3 2 1 4 4 4 35 27 23 14 5 3 0 2 0 2 0 0 0 0 0 1 2 3 4 23 16 9 7 6 2 7 2 1 0
83 111 9 0 6 2 9 1 2 0 19 0 4 7 6 6 14 5 8 20 6 8 8 19 9 9 10 10 10 11 11 70 20 12 18 15 14 19 64 16 12 12 69 3 3 1286 13 3 6 0 984 1 3 0 61133 35 67 66 65 64 63 62 61 60 54 48 42 5 4 3 2 1 0 3 1 3 1 1 1 1 0 0 0 1 2 3 10 11 15 8 6 5 1 6 1 0
9 109 0 8 5 1 8 0 1 9 8 3 6 5 5 13 4 7 19 5 7 7 18 8 8 9 9 9 10 10 69 19 11 17 14 13 18 63 15 11 11 68 2 2 1285 12 2 2 2 909 73 0 2 0 61123 7 34 30 5 4 3 2 1 0 0 5 4 3 2 1 0 0 131 126 123 118 112 107 103 97 85 1 0 0 1 2 2 6 10 14 7 5 4 0 5 0
7 0 108 7 4 0 7 0 8 7 2 5 4 4 12 3 6 18 4 6 6 17 7 7 8 8 8 9 9 68 18 10 16 13 12 17 62 14 10 10 67 1 1 1284 11 1 1 1 1 906 72 0 0 16 61104 0 6 2 23 1 0 0 0 11 9 2 1 0 0 0 152 150 14 11 8 3 2 1 0 2 9 81 76 0 0 1 1 2 2 9 13 6 4 3 2 1
0 6 107 6 3 5 0 7 6 1 4 3 3 11 2 5 17 3 5 5 16 6 6 7 7 7 8 8 67 17 9 15 12 11 16 61 13 9 9 66 0 0 1283 10 0 0 0 0 905 69 1 0 15 4 3 61094 4 0 1 20 18 17 13 0 0 0 190 189 187 185 30 28 2 1 1 3 2 1 0 1 8 1 1 74 56 0 0 1 1 2 5 12 5 3 2 1
8 5 106 5 2 4 6 5 0 3 2 2 10 1 4 16 2 4 4 15 5 5 6 6 6 7 7 66 16 8 14 11 10 15 60 12 8 8 65 26 33 1282 9 5 6 7 8 904 58 9 0 1 13 0 2 2 61093 3 0 0 0 0 0 0 2 195 3 2 1 0 0 0 27 1 0 0 2 1 0 0 7 0 0 15 0 55 0 0 0 1 1 2 11 4 2 1
7 4 105 4 1 3 5 4 2 1 1 9 0 3 15 1 3 3 14 4 4 5 5 5 6 6 65 15 7 13 10 9 14 59 11 7 7 64 25 5 1247 8 4 5 692 693 894 57 5 2 0 2 5 1 1 1 61092 0 0 0 0 0 1 4 196 20 19 5 4 3 2 1 0 26 0 0 0 1 0 0 6 0 0 0 12 0 53 50 0 0 0 1 1 8 3 1
6 3 104 3 0 2 4 3 1 0 0 8 2 14 0 2 2 13 3 3 4 4 4 5 5 64 14 6 12 9 8 13 58 10 6 6 63 24 4 1246 7 3 4 685 195 199 52 3 4 1 1 0 3 0 0 0 0 61090 0 1 1 232 230 227 24 2 1 12 5 4 3 2 1 0 25 4 1 0 0 0 0 2 0 0 10 3 0 1 48 43 0 0 0 1 5 2
5 2 16 86 2 1 3 2 0 2 7 0 0 13 1 1 12 2 2 3 3 3 4 4 63 13 5 11 8 7 12 57 9 5 5 62 23 3 1245 6 2 3 684 194 2 33 17 2 3 0 0 1 0 0 0 0 0 0 61088 244 241 5 4 3 2 1 0 0 5 4 3 2 1 0 1 17 14 0 9 8 5 3 0 0 1 1 1 0 0 2 41 28 0 0 1 2
4 1 15 85 1 0 2 1 0 0 3 6 12 0 0 11 1 1 2 2 2 3 3 62 12 4 10 7 6 11 56 8 4 4 61 22 2 1244 5 1 2 683 193 1 0 31 16 1 1 0 0 1028 1059 1063 0 1 1 2318 4 58517 13 12 11 10 9 8 7 6 5 4 3 2 1 0 0 0 0 12 1 0 0 0 2 1 0 0 0 0 1 1 1 9 26 0 0 0
3 0 14 83 0 0 1 0 1 2 5 4 1 9 10 0 0 1 1 1 2 2 61 11 3 9 6 5 10 55 7 3 3 60 21 1 1243 4 0 1 682 2 189 0 30 15 0 0 0 1 1027 29 895 915 2106 2302 2304 10 3 2 58499 11 10 9 8 7 6 5 4 3 2 1 0 3 2 1 0 0 0 0 0 0 123 122 0 0 0 2 0 0 0 0 8 24 17 16
2 9 3 63 18 4 0 0 1 4 3 0 6 2 7 11 0 0 0 1 1 60 10 2 8 5 4 9 54 6 2 2 59 20 0 1242 0 2 0 681 1 188 14 29 14 13 14 15 16 1024 28 894 13 4 125 192 0 9 2 1 8 58477 14 13 12 11 10 9 8 7 6 5 4 0 0 0 1 0 0 3 0 127 1 0 120 118 22 18 16 14 12 10 8 7 5 0
1 8 2 62 8 3 3 0 1 2 2 5 1 3 2 2 16 17 0 0 59 9 1 7 4 3 8 53 5 1 1 58 10 8 3 1237 1 12 680 0 187 13 13 13 12 23 24 25 1006 27 893 12 3 123 0 191 7 0 1 0 7 2 58458 8 7 6 5 4 3 2 1 0 1 1 1 2 1 0 1 158 152 2 1 0 1 0 93 64 47 0 0 0 0 7 6 4
3 3 1 61 7 2 2 0 1 1 1 0 2 1 1 0 0 30 53 58 8 0 6 3 2 7 52 4 0 0 57 9 7 2 1236 0 11 14 651 186 12 12 12 11 22 964 978 979 26 892 11 2 2 119 190 0 1 3 0 5 0 1 14 58433 197 196 195 194 15 14 13 12 9 6 3 2 1 2 159 1 0 20 19 18 15 14 13 13 15 46 36 26 15 0 6 5
2 0 58 1 6 1 1 0 0 0 0 1 0 0 8 18 28 3 3 7 1 5 2 1 6 51 3 40 49 56 8 6 1 1 1233 10 13 650 185 11 11 11 10 21 963 12 12 25 891 10 1 1 118 1 189 0 0 1 3 0 0 11 13 58234 77 73 72 70 177 176 175 174 173 172 171 167 164 160 4 1 0 51 50 49 15 14 13 12 12 14 8 8 9 13 6 5
