testcase/acc5.txt
ncols         262 
nrows         133 
xllcorner     4472949 
yllcorner     5543742 
cellsize      5 
NODATA_value  -9999 
[rows 0 to 65 of 133, columns 96 to 191 of 262]
12 15 24 54 11 77 10 15 9 9 17 8 8 31 7 7 54 6 0 68 5 5 5 8 4 4 4 67 4 4 4 4 4 15 3 3 3 3 19 2 2 2 7 1 1 1 1 1 4 2 3 3 0 17 3 3 3 6 2 2 2 3 4 3 4 1 0 10 2 2 2 21 0 0 0 0 1 0 0 0 0 0 0 0 0 0 0 0 0 0 0 0 0 0 0 0
16 25 55 12 78 11 16 10 10 18 9 9 32 8 8 55 7 1 69 6 6 6 9 5 5 5 68 5 5 5 5 5 16 4 4 4 4 20 3 3 3 8 2 2 2 2 2 0 5 7 4 1 18 4 4 4 7 3 3 3 4 5 4 5 0 0 11 3 3 3 22 1 1 1 1 2 1 1 1 1 1 1 1 1 1 1 1 0 1 1 2 1 1 1 1 0
26 56 13 79 12 17 11 11 19 10 10 33 9 9 56 8 0 72 7 7 7 10 6 6 6 69 6 6 6 6 6 17 5 5 5 5 21 4 4 4 9 3 0 3 6 3 0 1 6 13 2 19 5 5 5 8 4 4 4 5 6 5 6 1 1 12 4 4 4 23 2 2 2 2 3 2 2 2 2 2 2 2 2 2 2 2 1 2 2 3 2 2 2 2 0 1
57 14 80 13 18 12 12 20 11 11 34 10 10 57 9 1 0 81 8 8 11 7 7 7 70 7 7 7 7 7 18 6 6 6 6 22 5 5 5 10 0 4 1 4 7 4 1 2 21 3 20 6 6 6 9 5 5 5 6 7 6 7 2 2 13 5 5 5 24 3 3 3 3 4 3 3 3 3 3 3 3 3 3 3 3 2 3 3 0 4 6 3 0 3 1 2
15 81 14 19 13 13 21 12 12 35 11 11 58 10 2 1 0 91 9 12 8 8 8 71 8 8 8 8 8 19 7 7 7 7 23 6 6 6 0 11 1 5 2 5 8 5 2 3 49 22 0 14 7 10 6 6 6 7 8 7 8 3 3 14 6 6 6 25 4 4 4 4 5 4 4 4 4 4 4 4 4 4 0 4 4 3 4 4 1 5 7 4 1 4 2 3
82 15 20 14 14 22 13 13 36 12 12 59 11 3 2 1 0 102 13 9 9 9 72 9 9 9 9 9 20 8 8 8 8 24 7 7 7 1 0 12 2 6 3 6 9 0 9 54 1 0 0 23 11 7 7 7 8 9 8 9 4 4 15 7 7 7 26 5 5 5 5 6 5 5 5 5 5 5 5 5 5 1 5 5 0 4 5 5 2 6 8 5 7 0 3 4
16 21 15 15 23 14 14 37 13 13 60 12 4 3 2 1 0 117 10 10 10 73 10 10 10 10 10 21 9 9 9 9 25 8 8 8 2 0 1 13 3 7 4 0 7 11 10 57 0 0 1 36 17 8 8 9 10 9 10 5 5 16 8 8 8 27 6 6 6 6 7 6 6 6 6 6 6 6 6 0 6 2 6 6 1 5 6 6 3 7 9 6 8 1 4 5
22 16 16 24 15 15 38 14 14 61 13 5 4 3 2 1 0 129 11 11 74 11 11 11 11 11 22 10 10 10 10 26 9 9 9 3 1 0 2 14 4 8 5 0 1 8 81 1 1 0 39 18 0 9 10 11 10 11 6 6 17 9 9 9 28 7 7 7 7 8 7 7 7 7 7 7 7 7 1 7 3 7 0 7 2 6 7 7 4 8 10 7 9 7 0 6
17 17 25 16 16 39 15 15 62 14 6 5 4 3 2 1 0 142 12 75 12 12 12 12 12 23 11 11 11 11 27 10 10 10 4 2 0 1 3 15 5 9 6 0 1 2 93 2 0 41 19 12 10 11 12 11 12 7 7 18 10 10 10 29 8 8 8 8 9 8 8 8 8 8 8 8 8 2 8 4 0 8 1 8 3 7 8 8 5 9 11 8 10 0 8 8
18 26 17 17 40 16 16 63 15 7 6 5 4 3 2 1 143 13 76 13 13 13 13 13 24 12 12 12 12 28 11 11 11 5 3 0 1 2 4 16 6 10 7 0 1 4 100 1 42 20 14 0 12 13 12 13 8 8 19 11 11 11 30 9 9 9 9 10 9 9 9 9 9 9 9 9 3 9 0 5 1 9 2 9 4 8 9 9 6 10 12 0 9 11 10 9
27 18 18 41 17 17 64 16 8 7 6 5 4 3 2 144 14 77 14 14 14 14 14 25 13 13 13 13 29 12 12 12 6 4 1 0 2 3 5 17 7 11 8 0 1 2 106 2 95 30 14 13 14 13 14 9 9 20 12 12 12 31 10 10 10 10 11 10 10 10 10 10 10 10 10 4 0 10 1 6 2 10 3 10 5 9 10 10 7 11 0 13 11 12 11 10
19 19 42 18 18 65 17 9 8 7 6 5 4 3 145 15 78 15 15 15 15 15 26 14 14 14 14 30 13 13 13 7 5 2 0 1 0 3 4 24 8 12 9 0 1 2 113 99 2 1 0 15 14 15 10 10 21 13 13 13 32 11 11 11 11 12 11 11 11 11 11 11 11 11 5 1 0 11 2 7 3 11 4 11 6 10 11 11 0 8 12 1 26 13 12 11
20 63 19 19 66 18 10 9 8 7 6 5 4 146 16 79 16 16 16 16 16 27 15 15 15 15 31 14 14 14 8 6 3 1 0 2 0 1 4 30 9 13 10 0 1 0 1 219 1 0 16 15 16 11 11 22 14 14 14 33 12 12 12 12 13 12 12 12 12 12 12 12 12 6 2 0 1 12 3 8 4 12 5 12 7 11 12 0 12 1 9 13 29 14 13 12
64 20 20 67 19 11 10 9 8 7 6 5 147 17 80 17 17 17 17 17 28 16 16 16 16 32 15 15 15 9 7 4 2 1 0 3 0 1 2 36 0 24 11 0 1 2 2 220 18 17 16 17 12 12 23 15 15 15 34 13 13 13 13 14 13 13 13 13 13 13 13 13 7 3 0 1 2 13 4 9 5 13 6 13 8 12 0 13 1 13 2 10 14 45 14 13
86 21 68 20 12 11 10 9 8 7 6 148 18 81 18 18 18 18 18 29 17 17 17 17 33 16 16 16 10 8 5 3 2 0 1 4 0 1 2 40 0 26 12 0 1 2 6 259 18 17 18 13 13 24 16 16 16 35 14 14 14 14 15 14 14 14 14 14 14 14 14 8 0 4 1 2 3 14 5 10 6 14 7 14 9 13 0 1 14 2 14 14 15 46 15 14
22 69 21 13 12 11 10 9 8 7 149 19 82 19 19 19 19 19 30 18 18 18 18 34 17 17 17 11 9 6 4 3 0 1 2 0 5 1 2 3 41 1 27 13 1 2 270 21 20 19 14 14 25 17 17 17 36 15 15 15 15 16 15 15 15 15 15 15 15 0 24 1 5 2 0 3 4 15 6 11 7 15 8 15 10 0 14 1 2 15 19 15 15 16 63 15
70 22 14 13 12 11 10 9 8 150 20 83 20 20 20 20 20 31 19 19 19 19 35 18 18 18 12 10 7 5 4 1 0 2 3 1 0 6 2 3 4 42 2 28 14 5 296 1 0 15 15 26 18 18 18 37 16 16 16 16 17 16 16 16 16 16 16 16 1 25 0 2 6 3 5 5 16 0 7 12 8 16 9 0 16 11 1 15 2 3 0 20 16 16 17 64
23 15 14 13 12 11 10 9 151 21 84 21 21 21 0 42 32 20 20 20 20 36 19 19 19 13 11 8 6 5 2 0 1 3 4 0 2 1 7 3 4 5 43 3 29 319 0 0 16 16 27 19 19 0 19 55 17 17 0 35 17 0 17 17 17 17 17 17 2 27 3 0 7 4 6 6 17 1 8 13 9 17 0 10 18 12 2 0 16 3 4 1 21 17 17 18
16 15 14 13 12 11 10 152 22 85 22 22 22 1 0 76 21 21 21 21 37 20 20 20 14 12 9 7 6 3 1 0 2 4 5 0 1 3 2 8 4 5 6 44 34 321 0 17 17 28 20 20 1 0 20 74 18 1 36 18 1 0 18 18 18 18 18 18 3 32 1 0 8 5 7 7 18 2 9 14 10 18 0 1 11 32 3 0 1 17 4 5 2 22 18 18
16 15 14 13 12 11 153 23 86 23 23 23 2 1 0 99 22 22 22 38 21 21 21 15 13 10 8 7 4 0 2 1 3 5 6 1 2 0 4 3 9 5 6 7 80 341 18 18 29 21 21 2 0 1 96 0 19 2 59 2 1 0 19 19 19 19 19 19 37 2 1 0 9 6 8 8 19 3 10 15 11 19 0 1 2 12 37 1 0 2 18 5 6 3 42 0
16 15 14 13 12 154 24 87 24 24 24 3 2 0 1 123 23 23 39 22 22 22 16 14 11 9 0 8 5 1 3 2 4 6 7 2 3 0 1 5 4 10 6 7 431 0 19 30 22 22 3 1 2 97 1 0 23 60 0 2 0 21 0 40 0 0 40 20 41 2 1 0 10 7 9 29 0 4 11 16 12 0 20 1 2 3 51 2 1 0 3 19 6 7 47 0
16 15 14 13 155 25 88 25 25 25 4 0 4 0 2 148 24 40 23 23 23 17 15 12 10 0 1 9 6 2 4 3 5 7 8 3 4 0 1 8 0 5 11 19 441 20 0 54 0 23 4 5 98 2 1 0 85 1 3 0 1 22 1 42 0 1 41 63 3 2 0 1 19 0 10 30 1 5 12 17 13 1 0 21 2 3 4 55 2 1 0 4 20 15 48 0
16 15 14 156 26 89 26 26 26 5 1 0 6 0 3 174 41 24 24 24 18 0 16 24 1 0 2 10 7 3 5 4 6 8 9 4 5 1 0 2 9 1 6 0 484 1 0 55 1 29 6 99 3 2 0 87 2 4 0 1 2 23 2 43 1 2 42 68 3 0 1 22 1 0 11 31 2 6 13 18 14 0 2 1 22 3 4 5 59 2 0 1 26 16 49 1
17 31 157 27 90 27 27 27 6 2 0 1 7 1 179 42 25 25 0 25 19 1 17 25 2 1 3 11 8 4 6 5 7 9 10 5 6 2 1 3 10 0 2 7 487 1 0 56 2 30 7 104 3 0 1 91 0 5 1 2 3 24 3 44 2 3 43 73 1 0 2 23 2 1 12 32 3 7 14 19 15 0 1 5 0 23 4 5 66 3 1 2 27 17 50 0
18 32 158 119 28 28 28 7 3 0 1 2 8 2 223 26 0 26 1 26 20 2 18 26 3 2 4 12 9 5 7 6 8 10 11 6 7 3 2 4 11 0 1 11 490 0 1 57 3 39 105 0 4 3 92 1 0 6 2 3 4 25 4 45 3 4 44 76 1 0 3 24 3 15 0 37 0 8 15 20 16 0 1 8 0 1 24 5 6 67 4 2 31 18 51 1
19 33 159 120 29 29 29 12 0 1 2 12 0 3 251 1 0 27 2 27 21 3 19 27 4 3 5 13 10 6 8 7 9 11 12 7 8 4 3 5 12 1 2 12 492 0 2 58 4 40 106 1 5 4 95 0 1 7 3 4 5 26 5 46 4 5 45 79 0 1 4 25 4 17 38 1 0 9 16 21 0 17 1 2 9 1 2 25 6 7 68 5 35 19 52 2
0 34 160 121 30 30 30 13 1 2 16 1 0 4 252 2 1 28 3 28 22 4 20 28 5 4 6 14 11 7 9 8 10 12 13 8 9 5 4 6 13 2 3 13 494 3 0 59 5 41 107 2 6 101 0 1 2 8 4 5 6 27 6 47 5 6 46 80 1 2 31 0 5 57 2 0 11 0 17 22 0 1 18 2 3 10 2 3 33 8 0 69 42 20 53 3
1 35 283 31 0 31 31 14 2 3 19 1 0 5 253 3 0 31 4 29 23 5 50 6 0 5 7 15 12 8 10 9 11 13 14 9 10 6 5 7 14 3 4 14 495 4 1 60 6 150 0 3 7 102 1 2 3 9 5 6 7 28 7 48 6 7 47 81 2 3 33 0 6 61 1 12 1 0 18 23 0 1 2 19 3 4 11 3 38 9 0 1 113 21 54 4
36 0 284 32 1 32 47 3 0 24 2 1 6 0 254 0 4 1452253 1452219 1452212 1452180 65 7 1 0 6 8 16 13 9 11 10 12 14 15 10 11 7 6 8 15 4 5 15 496 5 2 61 7 152 0 4 8 103 2 3 4 10 6 7 8 29 8 49 7 8 48 82 3 4 34 1 69 2 13 2 0 1 19 24 0 1 2 3 20 4 5 12 43 10 0 1 2 136 55 5
0 286 126 92 91 88 54 5 25 3 2 7 0 1 255 0 1452264 2 0 0 0 1452088 4 3 0 7 9 17 14 10 12 11 13 15 16 11 12 8 7 9 16 5 6 16 497 6 3 0 70 153 1 5 9 104 3 4 5 11 7 8 9 30 9 50 8 9 49 83 4 5 35 72 3 0 17 1 0 2 20 25 0 1 2 3 4 21 5 19 44 11 0 3 3 137 56 6
476 188 60 59 57 48 47 46 45 18 10 1 0 2 0 256 1452266 0 1 1 2 1452082 4819 0 1 8 10 18 15 11 13 12 14 16 17 12 13 9 8 10 17 6 7 17 498 7 4 1 71 154 2 6 10 105 4 5 6 12 8 9 10 31 10 51 9 10 50 84 5 6 36 77 0 1 20 1 0 3 21 26 0 1 2 3 4 5 28 0 20 57 1 4 4 138 57 7
70 0 0 0 0 7 6 5 4 3 2 1 0 3 0 1452526 2 0 0 0 1 1447258 0 4817 4816 9 11 19 16 12 14 13 15 17 18 13 14 10 20 18 0 7 8 18 499 8 5 2 72 155 0 10 11 106 5 6 7 13 9 10 11 32 11 52 10 11 51 91 0 7 115 0 1 23 2 1 0 4 22 27 0 1 2 3 4 5 35 1 21 58 2 5 5 139 58 8
1 68 51 0 29 28 26 23 10 9 8 7 5 0 0 1452535 3 0 0 0 0 1447254 0 0 0 4802 4800 20 17 13 15 14 16 18 19 29 0 11 21 19 1 8 9 19 500 9 6 3 73 156 1 11 12 107 6 7 8 14 10 11 12 33 12 53 11 12 52 92 1 124 0 1 2 24 3 2 1 5 23 28 0 1 2 3 4 11 36 2 22 59 3 6 6 140 59 508
0 10 3 48 14 0 0 1 11 8 3 2 1 0 0 1452538 0 2 0 0 0 1 1447248 0 0 0 0 4765 4762 4743 4726 4706 4687 40 0 30 1 34 0 20 2 9 10 20 501 10 7 4 74 157 2 12 13 108 7 8 9 15 11 12 47 0 13 54 12 13 53 93 2 125 3 0 3 25 4 3 2 6 24 0 29 1 2 3 9 12 37 3 2083 2059 1986 1977 1969 1967 1750 1
3 9 0 1 2 12 6 1 0 1 3 1 0 0 0 1452542 0 0 1 0 0 0 1447245 2 0 0 0 0 1 1 2 1 0 4628 33 0 2 35 1 21 13 0 11 21 502 11 8 5 75 158 3 13 14 109 8 9 10 16 12 13 48 1 14 55 13 14 54 94 3 126 4 1 30 0 5 4 3 7 25 0 1 30 2 7 10 2171 2109 2104 12 5 7 0 0 12 1 1238
10 2 8 0 1 4 2 0 0 0 0 0 0 0 1452555 8 1 5 2 0 0 0 0 1447238 1447235 1447233 3 0 0 0 1 0 3 2 4586 0 66 62 25 22 14 1 12 22 503 12 9 6 76 159 4 14 15 0 119 39 17 0 13 64 49 2 15 56 14 15 55 95 4 127 5 2 31 7 5 0 4 8 26 0 1 2 34 8 2189 5 9 6 6 5 4 6 2 5 5 0
7 1 1 7 0 3 0 0 0 0 0 0 1452562 1452559 0 0 7 0 0 1 0 0 0 0 0 0 1447226 0 0 0 0 0 1 1 3 4581 36 35 34 33 32 16 13 23 504 13 10 7 77 160 5 15 16 1 756 595 593 590 574 503 502 499 494 73 15 16 56 101 0 128 6 3 32 8 6 1 5 9 27 1 2 3 44 2206 5 2 4 1 5 5 4 3 2 1 4 4
5 0 0 0 6 0 1 0 0 3 1 1452568 3 0 0 1 0 0 0 4 0 1 0 0 0 0 3 1447220 1 0 0 0 0 1 0 0 4475 571 570 569 568 567 566 565 540 34 19 0 78 161 802 795 778 758 0 0 0 0 0 4 1 1 0 403 401 179 104 1 0 129 7 4 42 7 0 2 6 10 28 2 3 2261 2211 2 9 1 1 3 0 4 4 3 2 1 0 3
1 4 2 0 1 3 0 0 1 6 1452572 0 0 0 3 0 1 0 1 5 3 0 0 4 0 0 0 0 1447215 1 0 0 0 0 1 2 11 3890 3599 3598 3597 3596 3595 3594 3593 3592 3591 3588 3506 3342 2538 0 3 2 1 1 0 1 0 0 0 0 0 0 0 220 149 148 146 15 6 0 52 8 1 3 7 11 29 3 2291 22 0 0 1 8 0 0 2 1 3 3 2 1 0 2
0 0 0 0 0 0 0 0 1 11 1452574 0 1 0 0 6 0 1 0 8 5 0 1 5 0 0 0 0 0 1447209 1 0 0 0 1 3 7 3 285 6 5 4 3 2 1 0 0 0 0 0 2536 2535 2530 2529 2527 2523 2 0 0 0 0 0 1 0 0 0 69 68 67 66 65 64 9 8 7 4 8 12 30 2313 16 1 20 18 16 0 7 6 5 0 0 2 2 1 0 1
0 0 0 0 0 0 0 0 0 1 1452587 3 0 0 0 1 8 3 0 15 0 1 2 7 1 1 0 0 0 0 1447203 2 0 0 0 0 2 2 3 273 134 133 132 131 130 129 1 0 0 0 0 0 0 0 0 0 2519 2518 2516 2513 2510 2507 2503 2498 2492 0 0 0 0 0 0 2434 0 1 0 9 0 2386 2372 12 1 15 0 0 0 15 13 9 7 3 2 1 1 1 0 0
1454225 0 1 1 1454205 1454203 1454201 1454198 0 0 0 1452599 4 3 0 0 13 36 17 0 1 2 3 10 2 1 1 0 0 0 0 1447197 1447194 0 0 0 0 1 2 5 131 4 3 2 1 0 126 125 121 0 9 6 4 2 1 0 0 0 0 0 0 1 1 1 0 2489 2485 2467 2459 2443 2440 0 2433 2427 2424 2419 2403 2 4 8 9 0 14 7 1 0 0 2 0 6 2 0 0 0 0 0
0 1454220 1454215 1454213 3 0 0 2 1454192 1454190 1454184 3 0 1 0 0 0 38 0 1 2 3 29 24 9 6 3 1 0 0 0 0 0 1447189 2 0 0 0 1 4 2 122 3 2 1 0 0 0 1 118 107 69 67 65 62 60 59 3 2 1 0 0 0 0 0 1 15 5 8 3 0 3 2 1 3 3 6 5 1 3 7 8 5 5 4 3 2 0 1 2 0 0 0 0 0 0
0 0 0 0 0 0 0 0 0 3 1578 0 2 0 0 0 0 1 42 2 3 4 34 3 2 0 0 1 1 0 0 0 0 0 1447183 1447180 0 0 1 1 1 1 115 112 110 87 75 66 0 0 36 0 0 0 1 0 1 50 14 1 0 0 2 1 0 0 14 4 3 3 2 2 1 0 2 2 2 2 4 0 2 6 1 4 4 2 0 0 0 0 0 0 0 2 0 2
564 318 317 315 312 306 302 294 0 0 0 1577 1576 1567 3 0 0 0 0 46 4 1106 2 1 0 0 1 8 3 1 1 0 0 0 0 1447176 0 0 0 0 0 0 1 0 21 10 4 0 64 57 0 33 32 30 2 0 0 3 30 11 10 8 4 3 2 0 3 9 3 2 2 1 1 0 1 1 1 1 1 1 1 1 3 0 3 0 0 0 0 0 0 1437340 1437337 1437333 1437328 1437325
2 241 0 1 4 2 3 2 293 9 1 0 7 0 1560 0 2 1 0 0 1159 0 1061 116 0 0 14 2 1 0 5 1 1 0 0 0 1447172 0 0 0 0 0 0 4 15 0 8 3 4 0 56 1 0 0 26 1 0 0 1 29 19 12 8 4 1 0 2 4 3 2 1 1 0 0 0 0 0 0 0 0 0 0 0 1 1 0 0 0 1 1437349 1437346 1 1 0 0 0
1 2 237 0 3 1 2 1 0 281 6 1 6 1 5 1552 8 4 0 1163 0 1 943 1 114 110 92 1 0 24 12 5 2 1 0 0 0 1447167 1447164 1447161 0 0 0 1 9 4 7 2 3 2 0 49 3 1 0 25 22 4 0 7 0 5 2 2 1 0 1 1 1 2 1 0 0 0 0 0 0 0 0 0 0 0 0 0 0 0 0 1 1437356 1 0 0 0 0 0 0
0 1 12 223 2 0 1 0 1 278 3 0 5 0 2 96 1445 1166 1165 0 0 0 938 0 0 0 1 89 87 0 10 3 2 1 0 0 0 0 0 1 1447155 0 0 1 6 3 6 1 2 1 4 5 33 0 4 2 1 16 3 3 2 2 1 1 1 0 0 0 0 0 0 0 0 0 1437409 1437406 1437403 1437400 1437397 0 1437387 3 0 0 0 0 2 1437361 0 0 0 0 0 0 1 1
0 1 9 219 2 1 0 0 1 275 1 0 4 1 0 94 8 268 146 0 0 0 0 935 0 6 0 0 0 60 0 4 3 2 1 0 0 0 0 0 1447152 0 0 2 2 2 5 0 1 0 3 4 0 31 0 0 1 0 15 2 2 1 1 0 0 0 0 0 0 0 0 0 0 1437414 0 0 0 0 0 1437392 0 1437381 1437379 1437377 1437374 1437371 1437368 0 0 0 0 1 1 1 2 0
0 6 1 17 200 1 0 0 262 3 7 0 3 0 93 1 5 5 114 144 2 0 0 0 931 2 4 1 0 0 58 2 1 0 1 1 1 1 0 0 1447149 0 0 0 1 1 2 1 0 0 1 3 0 6 16 6 4 0 11 2 1 1 0 0 0 0 0 2 2 0 0 2 1437418 0 0 0 0 0 0 0 0 0 0 0 0 0 0 0 0 1 1 2 2 2 3 22
5 0 1 14 192 6 0 141 119 1 0 6 2 92 0 4 2 1 60 52 140 33 14 29 0 889 1 1 0 0 0 53 3 2 31 28 25 2 0 0 1447146 0 0 0 0 0 0 0 0 0 0 1 2 2 5 2 0 3 6 3 1 0 0 0 0 1437447 1437444 1437438 1437436 1437431 1437428 1437422 0 0 0 1 1 1 0 0 0 0 0 0 0 0 0 0 1 2 5 0 0 10 23 0
4 0 1 11 191 5 9 130 10 107 0 5 1 91 3 1 0 2 56 51 105 13 3 13 28 0 887 0 1 491 1 0 48 40 2 0 1 17 0 0 3 1447139 1 0 0 0 0 0 0 0 0 0 1 1 2 1 1 2 5 1 0 0 0 0 1437453 2 0 0 0 0 0 0 0 0 1 2 2 2 1 1 1 1 1 1 1 1 1 1 2 3 6 1 1 11 192 166
3 0 5 4 190 4 8 129 8 0 106 4 0 90 2 0 1 55 50 4 99 12 2 12 19 7 55 830 823 12 488 11 6 3 0 0 0 1 14 0 0 1 1447133 1447116 2 0 0 2 1439990 1439987 0 0 0 0 1 0 0 1 3 0 0 0 0 1437459 2 0 0 0 0 0 0 0 0 1 0 5 3 3 2 2 2 4 0 2 2 2 2 5 4 7 2 0 2 205 0 1
1 4 3 3 185 3 7 16 111 7 105 3 71 17 1 0 54 49 3 98 10 0 1 11 18 6 54 3 317 11 73 401 10 5 2 1 0 0 2 9 0 0 14 2 1447108 1447103 1447086 1439994 1 0 1439983 0 0 0 0 0 0 0 1 0 0 0 1437464 1 0 0 0 1 1 1 5 3 1 2 1 1794 1787 1767 1763 1761 1755 1728 1707 1703 1560 1539 3 11 8 0 3 912 907 906 691 687
3 2 2 1 182 2 6 15 110 6 104 2 70 16 0 53 34 13 2 97 9 0 10 0 16 5 53 2 316 10 72 398 1 9 4 1 0 1 7 0 3 13 0 0 3 14 7086 0 0 0 1439980 1439976 0 1 0 1 1 0 0 0 0 1437471 2 0 0 0 1 1855 1852 1849 1840 1839 1838 1837 1833 35 16 10 0 1 22 14 1 138 2 13 1531 1513 1512 5 915 1 0 4 1 0
1 0 0 0 181 1 5 14 109 5 103 1 69 15 13 38 33 12 1 96 8 7 1 15 4 7 44 1 315 9 71 397 0 5 2 1 0 0 6 2 2 2 2 2 2 2 7 7085 8 0 0 18 1439954 1439951 1439947 1439944 1439940 3 0 0 0 1437474 0 0 0 1 1887 28 27 26 25 24 23 22 16 8 17 15 9 0 21 13 0 137 1 12 0 3 0 1495 2 1 0 2 0 0
0 2 3 180 0 0 3 13 108 4 102 0 68 14 12 37 32 11 0 95 7 6 0 14 3 6 43 0 314 8 70 395 0 1 2 1 0 1 3 1 1 1 1 1 1 1 2 3 7075 7 17 0 0 0 0 0 0 1439932 2 0 0 1439424 1947 0 1937 1935 18 17 16 15 14 13 6 4 6 7 6 9 14 8 20 11 0 136 0 11 1 0 1 74 498 2 1 0 1 0
1 8 11 175 143 0 2 12 107 3 101 51 15 13 11 36 31 10 7 86 6 5 12 0 2 5 42 0 312 7 69 0 393 0 0 0 0 0 2 0 0 0 0 0 0 0 1 2 7074 2 3 16 13 10 3 2 0 0 1439926 1439921 1439436 3 0 1945 3 3 21 17 13 9 4 5 5 3 5 6 5 8 6 6 7 19 10 0 135 10 0 0 15 1 55 494 1 0 0 1
7 1 2 18 140 0 1 11 106 2 100 50 14 12 10 35 30 9 6 85 5 4 11 1 4 4 36 2 308 6 1 66 7 384 381 0 0 0 0 0 0 0 0 0 0 0 0 0 7073 1 2 1 1 1 3 1 1 2 0 483 4 0 2 2 2 2 2 2 2 3 3 4 4 2 4 5 4 7 5 5 6 6 11 8 0 133 9 14 0 9 9 34 491 450 439 438
0 1 2 11 137 1 0 10 105 1 99 49 13 11 9 34 29 8 5 84 4 3 10 0 3 3 35 1 307 5 0 65 6 1 1 377 373 2 0 0 2 4 6 8 10 11 12 7072 0 0 0 0 0 0 0 0 0 1 480 1 1 1 1 1 1 1 1 1 1 2 2 3 3 1 3 4 3 6 4 4 5 5 6 3 7 132 8 13 8 8 22 10 11 27 8 99
0 1 4 5 116 19 0 9 104 0 98 48 12 10 8 33 28 7 4 83 3 2 9 0 1 2 34 0 306 3 0 64 5 0 0 2 363 3 0 0 1 2 3 108 114 116 118 74 6864 12 11 10 9 8 7 2 1 0 479 0 0 0 0 0 0 0 0 0 0 1 1 2 2 0 2 3 2 5 3 3 4 4 5 2 6 131 7 12 7 7 21 9 10 26 7 11
0 3 1 2 115 10 7 8 103 86 10 47 11 9 7 32 27 6 3 82 2 1 8 0 1 4 28 293 10 0 2 63 3 0 1 2 359 2 0 23 24 98 103 0 4 0 0 73 2185 4664 6 5 4 3 2 3 1 0 4 473 2 1 0 0 0 0 0 0 77 0 0 0 0 1 1 2 1 4 2 2 3 3 4 1 5 130 6 11 6 6 20 8 9 25 6 10
2 0 1 2 111 9 6 7 102 85 9 46 10 8 6 31 26 5 2 81 1 0 7 0 3 22 4 292 8 0 1 62 2 0 1 3 354 1 0 21 72 9 1 0 2 0 0 72 2184 4551 104 3 2 1 0 1 0 0 3 18 450 447 425 424 412 98 96 93 0 76 75 4 0 0 0 1 0 3 1 1 2 2 3 0 4 129 5 10 5 5 19 7 8 24 5 9
1 0 1 80 29 8 5 6 101 84 8 45 9 7 5 30 25 4 1 80 0 1 4 2 21 3 169 121 6 0 0 61 1 0 2 3 349 0 1 19 61 0 7 0 1 0 1 70 2183 4550 5 93 7 5 1 0 0 2 0 17 1 0 19 4 4 311 4 3 13 12 62 6 2 1 0 0 0 2 0 0 1 1 2 2 0 128 4 9 4 4 18 6 7 23 4 8
0 0 77 1 28 7 4 5 100 83 7 44 8 6 4 29 24 3 0 79 0 3 1 20 2 168 3 116 4 0 0 59 0 1 2 5 342 0 1 16 59 0 2 3 0 1 2 67 2182 4549 4 84 0 0 2 1 0 1 0 15 1 0 18 3 3 68 236 234 2 1 11 61 5 4 3 1 0 0 1 0 0 0 1 1 0 126 3 8 3 3 17 5 6 22 3 7
0 76 0 6 20 6 3 4 99 82 6 43 7 5 3 28 23 2 0 77 2 0 19 1 167 2 3 111 2 0 1 56 0 1 4 44 296 0 1 11 1 56 1 2 0 0 1 63 2181 4548 3 82 3 2 1 0 0 0 0 1 8 0 17 2 2 59 7 0 233 3 0 10 60 2 1 0 1 1 0 2 1 0 0 0 124 0 2 7 2 2 16 4 5 21 2 6
