testcase/acc5.txt
ncols         262 
nrows         133 
xllcorner     4472949 
yllcorner     5543742 
cellsize      5 
NODATA_value  -9999 
[rows 0 to 65 of 133, columns 0 to 95 of 262]
18 19 19 54 92 0 60 1 2 3 49 1554088 0 0 0 0 62 58 0 21 2 0 9 0 0 4654 3 2 1 0 5 1 0 38 33 32 23 15 5 6 4 10 3 14 1 42 43 37 20 18 17 16 391 5 4 3 2 240 28 14 18 39 17 17 19 15 15 38 14 14 14 14 15 1 26 0 16 9 31 3 1 0 31 40 0 15 15 31 50 18 13 13 13 13 21 12
18 18 53 26 64 59 0 1 2 25 18 55 1554029 1554027 0 0 1 23 8 2 0 1 4 3 0 4649 248 247 246 245 244 2 1 0 3 2 1 0 0 24 11 4 15 2 43 44 38 21 19 18 17 392 6 5 4 3 241 0 44 19 40 18 18 20 16 16 39 15 15 15 15 16 2 27 1 17 10 32 4 2 1 0 73 1 0 32 32 51 19 14 14 14 14 22 13 13
17 52 25 16 46 58 0 1 24 17 30 23 0 1554023 0 0 0 3 17 4 1 0 3 2 0 2 4394 9 8 7 6 243 242 241 54 53 52 51 49 23 22 16 0 47 45 39 22 20 19 18 393 7 6 5 4 242 1 0 65 41 19 19 21 17 17 40 16 16 16 16 17 3 0 28 2 18 11 33 8 2 0 1 76 1 0 33 33 52 20 30 15 15 23 14 14 17
51 24 15 32 12 57 0 23 16 29 22 22 66 0 1553954 0 0 1 2 13 3 0 2 1 1 0 4383 11 10 9 8 5 1 0 185 5 4 3 2 1 0 50 49 46 0 63 21 20 19 394 8 7 6 5 243 2 1 0 108 20 20 22 18 18 41 17 17 17 17 18 4 1 29 0 3 19 12 34 12 1 0 2 79 0 35 34 0 53 21 31 32 24 15 15 18 27
23 14 31 11 41 14 22 15 28 21 21 21 20 19 39 1553912 0 0 1 2 9 2 1 0 0 1 11 4355 3 2 1 7 2 1 0 178 176 55 54 53 52 0 114 113 64 22 0 21 415 9 8 7 6 244 3 5 2 0 130 21 23 19 19 42 18 18 18 0 18 19 5 2 30 1 24 0 13 48 0 2 1 3 80 1 36 35 1 54 22 32 33 41 16 19 28 58
13 30 10 40 13 21 14 27 20 20 20 19 18 18 18 49 1553860 0 0 1 4 3 1 0 0 1 8 4348 1 0 0 0 6 0 1 0 0 119 118 117 116 115 842 841 840 24 22 416 10 0 17 7 245 4 6 0 0 0 153 0 44 20 43 19 19 19 1 19 20 6 3 31 2 25 1 14 49 1 3 2 0 4 83 37 36 2 0 78 33 34 42 17 20 29 59 16
29 9 39 12 20 13 26 19 19 19 18 17 17 17 15 13 0 1553857 0 0 1 1 2 0 0 1 5 8 4338 4334 0 0 0 4 1 0 858 857 856 855 854 853 9 8 0 791 431 430 1 18 8 0 251 7 1 1 1 0 154 1 66 44 20 20 20 2 20 21 7 4 0 32 3 26 2 65 2 4 0 3 1 5 84 38 40 0 1 79 34 78 18 21 30 60 17 83
8 38 11 19 12 25 18 18 18 17 16 16 16 14 12 12 25 1553855 1 0 0 0 0 0 0 1 2 7 0 1 4331 1 0 4274 860 859 0 0 0 3221 3220 3219 3218 3217 6 2 358 30 29 9 1 252 8 2 2 2 1 0 0 157 112 21 21 21 3 21 22 8 5 1 33 0 31 3 66 3 5 1 0 4 2 6 124 41 1 2 80 35 79 19 22 31 61 18 84 17
37 10 18 11 24 17 17 17 16 15 15 15 13 11 11 11 11 12 1553813 0 0 0 0 0 0 0 1 2 3 0 3 4323 4292 0 3412 3239 3226 3224 3222 0 0 2 1 0 3216 2 1 326 0 256 253 9 3 3 8 4 1 1 0 158 113 44 22 4 22 23 9 6 2 34 1 0 32 4 71 6 2 1 0 5 3 7 167 2 3 81 36 80 20 23 32 62 19 85 18 23
9 17 10 23 16 16 16 15 14 14 14 12 10 10 10 10 10 33 1553811 1553732 1553731 1553505 1553502 1553499 2 0 0 1 2 1 0 29 12 1 19 151 10 9 8 6 4 0 0 1 0 3215 1 0 324 16 15 4 4 14 4 3 2 0 1 0 273 68 5 23 24 10 7 3 35 2 1 33 5 0 79 3 2 1 0 6 4 8 171 4 82 37 81 21 24 33 63 20 86 19 24 18
16 9 22 15 15 15 14 13 13 13 11 9 9 9 9 9 21 11 32 10 223 0 0 0 1553493 0 0 0 1 0 0 27 11 0 15 2 150 69 9 8 7 6 4 1 0 0 3214 0 17 31 25 24 18 2 1 0 1 0 2 1 0 343 30 25 0 19 4 36 3 0 2 34 6 81 4 3 2 0 1 7 5 9 172 88 38 82 22 25 34 64 21 87 20 0 25 38
8 21 14 14 14 13 12 12 12 10 8 8 8 8 8 20 10 9 9 8 0 222 0 0 0 1553489 0 0 0 0 25 0 6 3 14 1 63 15 58 54 7 6 5 4 3 1 0 3213 0 15 4 3 2 1 0 2 0 1 3 2 345 0 31 27 20 0 5 41 1 0 38 7 82 5 4 3 0 1 2 14 0 10 173 128 83 23 26 35 65 22 88 21 1 26 0 67
20 13 13 13 12 11 11 11 9 7 7 7 7 7 19 9 8 8 7 4 13 220 194 0 0 0 1553484 0 0 0 21 0 5 2 13 0 62 14 0 1 45 30 4 3 2 1 0 5 3206 1 12 2 1 0 3 0 1 2 4 3 347 32 0 28 21 1 6 42 2 1 39 91 6 5 4 0 1 2 3 15 1 11 174 213 24 27 36 66 23 89 22 2 0 27 1 68
12 12 12 11 10 10 10 8 6 6 6 6 6 18 8 7 7 6 3 3 3 6 3 192 0 0 1553477 2 0 0 17 1 4 1 6 5 2 58 13 0 0 12 24 3 2 1 0 0 3 3205 0 8 7 6 1 0 2 3 5 4 348 33 30 22 0 9 43 0 3 42 92 7 6 5 1 2 0 7 16 2 12 0 175 239 28 37 67 24 90 23 3 1 28 2 0 90
11 11 10 9 9 9 7 5 5 5 5 5 17 7 6 6 5 2 2 2 2 2 2 189 0 0 0 1553474 0 0 15 0 3 0 5 4 0 0 57 12 5 2 8 19 2 1 0 0 2 3196 7 3 2 1 0 1 3 4 6 5 349 34 31 24 10 44 0 1 4 43 101 7 6 2 0 3 9 17 3 13 1 0 176 240 67 68 25 91 24 4 2 29 3 1 0 91
10 9 8 8 8 6 4 4 4 4 4 16 6 5 5 4 1 1 1 1 1 0 1 187 0 0 0 1553472 0 0 11 1 2 2 1 2 0 52 0 2 5 4 1 7 15 2 1 0 1 3194 0 2 1 0 0 2 4 5 7 6 350 35 58 0 11 46 2 5 44 0 102 15 3 1 0 4 28 4 14 2 1 177 0 241 137 26 92 25 5 3 30 4 2 1 92 87
8 7 7 7 5 3 3 3 3 3 15 5 4 4 3 0 0 0 0 0 0 8 9 186 0 0 2 1553469 0 5 4 0 1 1 0 1 1 51 38 1 1 4 3 0 6 11 9 0 0 0 3192 3185 2 0 1 3 5 22 7 0 448 60 0 0 12 47 3 51 1 0 119 4 2 0 1 34 5 15 3 2 178 1 0 242 138 27 119 6 4 31 5 3 2 93 88 23
6 6 6 4 2 2 2 2 2 14 4 3 3 2 0 1 2 3 4 5 6 8 19 175 0 1 1553465 0 1 2 1 3 0 0 0 0 0 8 28 6 0 0 3 2 3 1 0 6 0 4 0 3181 0 0 2 4 32 2 1 449 0 0 2540 2539 2537 110 61 56 1 120 5 3 1 0 2 41 16 4 3 179 2 0 1 243 139 28 120 7 5 38 4 3 94 89 24 71
5 5 3 1 1 1 1 1 13 3 2 2 1 0 1 2 3 4 5 6 7 9 25 154 0 10913 1553458 0 0 0 0 0 2 0 0 1 5 1 24 2 5 4 2 2 1 2 0 2 1 3 1 2 3174 0 8 33 0 0 450 2551 2549 2547 5 3 0 2412 140 129 128 6 4 2 0 1 3 42 22 4 180 3 1 2 0 244 140 150 8 6 0 44 4 95 90 25 72 24
4 2 0 0 0 0 0 12 2 1 1 0 0 1 2 3 4 5 6 7 8 24 127 10909 10910 0 1542542 0 0 0 0 0 0 0 0 0 1 0 3 19 1 0 0 1 1 0 1 1 0 2 0 0 0 3172 3137 3127 3081 3078 2593 39 8 7 5 0 1 2270 0 8 6 5 3 0 1 2 4 43 23 186 4 2 3 0 1 245 141 151 9 7 1 50 0 187 26 73 25 17
1 1 3 4 5 6 11 1 0 0 3 4 5 6 7 13 14 15 16 17 23 126 10908 3 62 63 70 1542468 1541723 1541719 1 0 0 0 7 0 0 0 1 14 3 2 1 0 0 0 0 0 0 0 0 0 4 33 7 6 2 0 32 0 29 1 0 4 1 0 2269 2259 0 4 0 1 5 5 44 24 187 0 5 3 5 2 0 246 142 152 10 8 2 51 189 27 74 26 18 17
0 0 0 1 2 3 0 0 1 2 0 1 2 3 4 0 1 2 3 4 125 10907 2 57 1 4 0 743 1 0 1541713 1541710 1 10 0 3 0 0 1 3 7 2 0 0 0 0 0 0 0 1 0 2 16 2 3 2 5 1 30 0 3 22 0 0 0 0 3 4 2258 2244 2 6 0 51 25 188 0 1 10 0 6 3 1 247 143 153 11 9 3 52 190 28 102 0 37 17
2 3 4 5 6 7 8 9 10 11 12 13 14 15 16 17 18 19 20 124 10906 1 56 0 1 98 106 742 0 0 0 2 1541703 1 0 1 0 0 0 1 2 0 0 0 3 1541577 3 0 0 0 4 7 7 2 1 2 1 4 0 29 0 1 21 3 2 1 2 3 3 3 2239 2235 2224 218 191 1 2 0 11 1 7 4 2 248 298 12 0 10 4 244 29 103 1 38 0 35
3 4 5 6 7 8 9 10 11 12 13 14 96 97 98 99 100 101 102 10905 0 44 10 0 97 1 4 5 628 0 0 0 1 1541687 0 0 0 0 0 0 0 0 0 0 1541582 0 1541570 1541568 0 0 0 1 3 1 0 1 0 1 1 26 1 0 2 13 0 0 1 2 2 2 2 2 4 1946 1938 1936 27 25 12 11 8 8 249 299 13 0 1 11 5 245 134 2 0 39 1 36
7 8 9 10 11 12 13 14 15 56 76 80 0 1 2 3 4 5 10903 0 9 33 9 96 0 3 1 2 7 618 609 0 0 1541685 1 0 0 3 0 0 0 0 0 1541587 0 0 0 3 1541561 0 0 0 1 0 0 0 0 0 0 25 17 0 1 11 2 1 0 1 1 1 1 1 1 1 6 0 1904 1885 1875 1872 561 551 300 19 4 2 12 6 0 246 135 4 0 40 2 37
9 10 11 12 13 14 15 16 39 18 2 0 1 2 3 4 5 20 10875 8 26 5 8 95 2 0 1 2 3 7 45 562 0 0 1541679 1541676 1541673 1541666 1541664 1541661 1 0 0 1541588 2 0 0 1 1541555 2 0 0 0 0 0 0 0 0 0 1 2 16 0 7 1 0 0 0 0 0 0 0 0 0 1 3 7 9 8 1 1309 1301 28 2 1 0 13 7 248 136 5 1 0 41 3 38
14 15 16 17 18 19 20 21 17 1 1 2 3 4 5 6 13 10725 148 7 25 4 7 94 1 0 1 2 2 3 38 5 561 0 0 0 0 0 0 0 1541655 1541652 1541602 1541599 3 0 0 0 3 1541550 2 0 0 0 2 1457306 1 0 0 0 1 3 11 2 1 0 0 0 0 0 0 0 0 0 0 2 6 8 7 0 1 4 1271 4 1 0 14 8 249 144 6 2 1 42 4 59
9 10 11 12 13 14 15 16 0 0 0 1 2 3 4 5 10724 137 9 6 24 3 6 93 0 0 1 1 2 33 3 4 18 541 0 0 0 0 0 0 0 47 0 2 0 0 0 0 0 1 1541544 0 1 1 1457310 0 1457300 1 0 0 0 1 9 0 1 0 0 3 1 1456035 1456033 1456030 3 0 0 1 5 3 3 6 0 3 4 1265 1 0 24 250 198 52 51 47 44 0 5 60
3 4 5 6 7 8 9 10 11 12 0 0 1 2 3 10723 130 5 8 5 23 2 5 21 70 0 0 1 32 2 3 4 12 6 532 425 6 4 2 0 0 45 0 0 0 1 1 0 0 0 1 1541539 1541536 1541532 0 0 3 1457292 0 0 0 0 6 1 0 0 0 4 1456041 1 0 0 1456023 1 0 0 4 2 2 2 2 2 3 2 1261 1255 1220 200 0 2 1 0 0 6 61 39
1 2 3 4 5 6 7 8 9 0 13 15 16 17 10718 119 9 4 7 4 22 1 4 20 21 47 0 31 1 2 3 6 4 5 105 0 415 5 4 3 2 0 44 43 41 35 2 1 0 0 0 0 0 0 84216 0 0 3 1457285 2 0 0 0 4 0 0 3 1456049 0 0 0 0 0 1456018 0 0 3 1 1 1 1 1 2 1 3 0 8 767 686 682 681 680 666 658 594 0
2 3 4 5 6 7 8 9 10 21 23 24 25 10699 102 15 8 3 6 3 21 0 3 19 20 46 30 0 1 2 5 3 4 98 5 6 16 391 4 3 2 1 0 0 0 1 29 1 0 0 1 0 0 84101 0 112 0 1 1 1457279 3 0 0 1 0 1 1456066 9 0 2 1 0 0 1456015 2 0 2 0 0 0 0 0 1 0 2 1 2 2 79 3 2 0 10 0 0 552
0 1 2 3 4 0 1 2 3 4 5 9 10672 86 14 14 7 2 5 2 20 0 1 18 19 45 29 0 1 4 2 3 97 4 5 7 8 47 337 3 2 1 0 0 0 0 0 25 6 4 1 0 0 84099 0 111 0 0 0 2 1457271 0 0 0 0 1 1456070 0 8 4 3 0 0 1456010 1 0 1 0 0 0 0 0 0 0 0 0 1 1 4 69 34 1 0 8 0 2
5 0 0 0 0 6 7 0 0 1 2 10661 74 10 13 13 6 1 4 1 19 0 2 14 18 44 28 0 3 1 2 96 3 4 6 22 23 46 158 173 167 0 0 2 0 0 0 17 7 6 2 0 84094 0 0 0 109 0 0 1 1457269 1 0 0 0 0 1456074 0 0 0 0 0 0 1456006 1 0 0 0 3 4 2 0 0 0 0 0 0 0 3 32 0 33 28 13 6 0
9 6 1 3 5 6 7 8 10 11 10660 64 8 9 12 12 5 0 3 0 18 1 10 2 17 43 27 2 0 1 95 2 3 5 21 19 20 21 157 4 0 165 11 9 5 2 0 5 2 1 0 0 84093 0 1 105 0 0 0 0 1457264 1 0 0 2 1457206 0 1 1 0 0 0 0 2 1455999 0 0 0 5 1455971 1455965 1455963 1455960 1455957 3 0 0 0 0 0 31 3 1 11 12 4
1 10 18 19 20 21 0 8 9 10647 53 9 7 8 11 11 4 0 1 17 0 9 1 2 13 42 26 1 0 94 1 2 4 20 18 17 37 55 156 0 1 64 87 55 51 6 2 2 1 1 0 84091 0 0 1 57 44 0 0 0 2 1457256 1457238 1457236 1457233 0 1128 1124 5 3 1 0 0 0 1455997 1 0 0 1455980 0 0 0 0 1 1455949 1 0 0 1 30 14 2 2 0 10 11
7 2 0 0 0 0 22 24 10636 42 9 8 6 7 10 10 3 0 15 0 8 0 1 12 12 28 25 0 93 0 1 3 19 17 16 18 16 5 0 92 0 63 30 2 43 3 2 1 1 0 0 84090 0 2 51 54 42 38 0 1 0 5 9 0 17 3 2 1115 1101 1093 1 0 0 0 0 1455991 1455988 1455985 0 0 0 0 0 0 1455946 2 0 0 4 7 9 0 1 1 7 1
8 8 3 1 1 3 8906 10610 27 13 8 7 5 6 9 9 2 12 1 0 6 0 11 11 11 15 24 90 1 0 2 18 16 15 17 15 4 15 40 91 61 0 29 1 4 33 2 1 0 0 0 84089 0 0 46 1 2 13 21 0 4 3 1 2 16 2 1 12 1 4 1090 1072 0 0 0 0 0 0 0 0 1 2 0 0 1 1455938 0 0 2 2 3 8 0 0 6 0
10 20 30 35 38 8900 1702 13 12 12 7 6 4 5 8 8 1 11 0 1 3 10 10 10 14 11 11 89 0 1 17 15 14 16 14 3 14 23 13 11 23 60 28 0 1 1 32 1 0 0 84085 0 0 1 43 0 1 12 9 10 3 2 0 1 15 1 0 11 0 3 9 6 1068 1053 0 0 0 0 0 3 3 0 0 0 0 1455936 0 0 0 1 1 0 7 3 2 2
8641 8713 8789 8840 8860 1683 17 12 11 11 6 5 3 4 7 7 0 10 0 2 9 9 9 13 10 10 17 70 0 16 14 13 15 13 2 13 22 12 6 3 22 59 23 3 0 0 16 14 0 0 84082 0 0 3 36 1 0 11 4 3 9 2 1 0 14 0 1 8 2 3 4 5 13 177 872 726 2 0 630 628 3 1 0 0 0 1 1455930 0 0 0 0 0 0 0 2 1
70 74 49 18 1659 22 16 11 10 10 5 4 2 3 6 6 0 8 1 8 8 8 12 9 9 16 53 15 15 13 12 14 12 1 12 21 11 5 2 21 16 41 11 10 2 8 6 1 11 0 84080 84076 0 2 4 30 0 4 5 3 2 8 1 0 13 0 7 1 2 3 4 8 3 176 139 3 721 678 31 15 615 0 583 3 0 0 5 1455920 0 0 0 0 0 0 0 0
73 48 17 1641 16 21 15 10 9 9 4 3 1 2 5 5 7 0 7 7 7 11 8 8 15 52 14 14 12 11 13 11 0 11 20 10 4 1 20 15 37 2 10 9 1 7 5 0 10 0 0 84074 0 1 1 1 29 11 3 4 2 1 7 0 12 6 0 1 2 3 7 2 12 162 138 2 1 39 14 14 14 613 14 577 1 4 0 596 1455319 1455316 1455273 1455272 1455269 0 0 0
47 16 13 1626 15 20 14 9 8 8 3 2 0 1 4 4 6 6 6 6 10 7 7 14 51 13 13 11 10 12 10 9 10 19 9 3 0 19 14 9 26 1 9 8 0 6 4 3 5 0 84070 0 0 0 0 0 15 0 10 2 3 1 0 6 11 5 0 1 2 6 1 11 93 67 137 1 0 38 13 13 13 13 13 576 0 3 595 0 0 12 26 0 1031 1454233 1454231 1454228
15 12 148 1476 14 19 13 8 7 7 2 1 0 3 3 5 5 5 5 9 6 6 13 50 12 12 10 9 11 9 8 9 18 8 2 14 18 13 8 16 8 0 8 7 5 3 2 4 2 3 84068 0 0 0 0 0 5 8 3 9 1 2 0 5 10 4 0 1 5 0 10 10 81 66 136 0 24 12 12 12 12 12 12 575 0 1 69 524 10 0 25 1029 0 0 0 0
11 147 1460 14 13 18 12 7 6 6 1 0 2 2 4 4 4 4 8 5 5 12 49 11 11 9 8 10 8 7 8 7 7 1 13 2 12 7 7 7 7 7 6 4 2 1 3 1 1 3 9 84052 83207 83203 83199 83197 0 4 3 2 8 0 1 4 9 3 0 1 2 9 9 4 75 65 12 122 23 11 11 11 11 11 11 574 0 66 1 523 9 19 4 162 865 863 0 0
146 46 1412 13 12 17 11 6 5 5 0 1 1 3 3 3 3 7 4 4 11 48 10 10 8 7 9 7 6 7 6 6 0 12 1 11 6 6 6 6 6 5 3 1 0 2 0 0 0 4 1 843 1 0 0 83192 1 0 3 2 1 7 0 3 8 2 0 1 8 8 3 10 63 64 11 121 22 10 10 10 10 10 10 573 65 0 1 520 8 18 3 161 0 2 858 587
45 226 1184 12 11 16 10 5 4 4 0 0 2 2 2 2 6 3 3 10 47 9 9 7 6 8 6 5 6 5 5 5 11 0 10 5 5 5 5 5 4 2 0 0 1 0 1 2 3 0 835 2 1 0 0 0 83189 4 3 2 1 0 6 2 7 1 0 7 7 2 9 62 63 1 8 120 21 9 9 9 9 9 9 572 64 0 512 6 7 17 2 160 1 0 268 20
55 169 1183 11 10 15 9 4 3 2 0 1 1 1 1 5 2 2 9 46 8 8 6 5 7 5 4 5 4 4 4 4 4 9 4 4 4 4 4 3 1 0 1 2 3 4 5 6 7 8 834 1 0 0 83144 83183 7 6 5 2 1 0 5 1 6 0 6 6 1 8 61 62 0 1 5 119 20 8 8 8 8 8 8 571 63 50 460 5 6 16 1 159 0 8 258 19
48 119 1182 10 9 14 8 3 2 1 0 0 0 0 4 1 1 8 45 7 7 5 4 6 4 3 4 3 3 3 3 3 3 3 3 3 3 3 2 0 5 6 7 8 9 10 11 12 27 28 824 0 0 83141 0 21 7 1 0 4 1 0 4 0 5 5 5 0 1 5 60 61 0 1 2 118 19 7 7 7 7 7 7 570 62 49 459 4 5 15 0 158 7 253 3 18
42 75 1181 9 8 13 7 2 1 0 0 1 2 3 0 0 7 44 6 6 4 3 5 3 2 3 2 2 2 2 2 2 2 2 2 2 2 1 1 4 2 5 8 9 10 11 12 13 792 793 0 12 83132 0 5 20 0 3 2 1 3 0 3 4 2 1 4 0 4 6 52 60 0 1 2 114 18 6 6 6 6 6 6 569 61 48 458 3 4 14 6 150 6 252 2 17
36 37 1180 8 7 12 6 1 0 0 1 2 3 4 5 6 43 5 5 3 2 4 2 1 2 1 1 1 1 1 1 1 1 1 1 1 0 0 1 1 1 1 1 3 5 7 9 791 0 2 11 0 83117 0 4 6 12 7 2 1 0 2 2 3 1 0 3 3 5 49 1 59 0 1 4 108 17 5 5 5 5 5 5 568 60 47 457 2 3 13 5 149 5 251 1 16
36 33 1145 7 6 11 5 0 1 4 5 6 7 8 9 42 4 4 2 1 3 1 0 1 0 0 0 0 0 0 0 0 0 0 0 0 0 0 0 0 0 0 0 0 0 0 779 0 0 7 2 4 83115 4 0 2 5 3 3 1 0 1 1 2 0 2 2 4 48 0 51 6 0 3 3 103 16 4 4 4 4 4 4 567 59 46 456 1 2 12 4 148 4 250 0 15
32 28 1115 6 5 10 4 0 1 2 6 7 21 29 31 3 3 1 0 1 0 0 0 0 0 0 0 0 0 0 0 1 2 11 12 15 17 19 20 766 768 770 772 773 776 778 0 3 6 0 0 0 83104 2 0 1 1 2 2 0 0 0 0 1 1 1 3 0 46 50 1 3 2 2 86 15 15 3 3 3 3 3 3 566 58 45 455 0 1 11 3 147 3 249 0 13
27 24 1089 5 4 9 3 0 1 2 6 12 6 0 2 1 0 0 0 0 0 0 0 1 3 1 1 1 1 3 5 6 7 0 1 718 742 743 744 0 0 0 0 0 0 0 0 0 1 2 4 5 83097 0 0 0 0 0 0 1 0 0 0 0 0 0 2 4 40 49 0 2 1 1 85 14 14 2 2 2 2 2 2 565 57 44 447 6 0 10 2 146 2 248 11 0
23 22 1065 4 3 8 2 0 1 5 4 2 2 1 0 0 0 0 0 0 2 4 1 0 0 5 8 11 14 15 16 17 38 40 717 22 151 152 153 154 155 165 0 2 0 0 0 0 0 0 0 1 8 83087 310 309 308 307 306 304 302 298 285 218 140 0 0 3 39 48 0 0 0 0 84 13 13 1 1 1 1 1 1 564 56 43 446 1 3 9 1 145 1 247 10 0
21 19 1044 3 2 7 1 0 4 3 1 1 0 0 0 0 2 1 4 0 0 1 7 10 12 13 14 15 16 17 18 19 0 675 21 150 4 5 6 7 8 0 167 171 1 1 1 0 0 0 0 0 5 82746 28 18 1 0 0 0 1 10 65 67 8 139 99 2 38 47 0 63 72 83 12 11 0 0 0 0 0 0 0 563 55 42 445 0 2 8 0 144 0 246 9 0
18 14 1028 2 1 6 0 3 2 0 0 0 1 9 11 510 511 602 646 654 658 661 664 665 666 667 668 669 670 671 672 673 674 20 149 3 0 1 2 3 4 5 6 179 2 2 2 1 1 2 0 0 3 82745 8 7 15 14 4 2 0 9 64 66 7 38 98 1 37 46 2 58 7 9 11 5 4 6 164 169 360 426 469 92 54 0 40 444 1 2 4 143 105 139 8 2
13 13 1013 1 0 5 2 1 0 3 4 5 6 0 496 43 86 42 1 1 1 1 0 1 2 3 4 5 6 15 17 18 19 148 2 590 621 663 665 666 667 673 674 855 3 3 3 2 2 4 0 0 1 82744 1 0 6 2 8 0 1 8 63 65 6 37 97 0 36 45 1 57 6 8 10 4 3 5 156 3 189 64 41 55 35 53 39 443 0 1 3 142 104 138 7 1
12 1004 7 0 4 1 0 0 1 0 321 411 453 494 42 41 41 0 0 0 0 0 1 2 3 4 5 6 7 0 0 1 147 1 589 29 40 0 2 3 4 0 1 858 4 4 4 3 3 6 0 0 1 82719 21 4 3 2 1 7 0 7 62 64 5 36 5 90 35 44 0 56 5 7 9 3 2 4 155 2 188 63 40 54 34 52 38 440 1 0 2 141 103 137 6 0
1002 0 6 3 0 0 1 2 279 319 88 40 39 41 40 40 2 5 131 132 133 134 135 136 137 138 139 140 141 142 143 144 0 588 28 39 0 1 0 1 2 3 4 864 5 5 5 4 4 8 0 0 1 82716 15 10 5 2 1 0 6 6 61 63 4 35 4 89 34 43 49 5 4 6 8 2 1 3 154 1 187 62 39 53 33 51 37 436 2 0 1 140 102 136 5 0
992 5 1 0 0 191 229 275 38 87 39 38 40 39 39 1 1 124 0 1 2 3 4 5 6 7 8 9 10 11 522 558 587 27 38 14 15 16 17 18 19 20 21 898 6 6 6 5 5 10 0 0 1 82713 3 2 3 4 1 0 5 5 60 62 3 34 3 88 33 42 48 4 3 5 7 1 0 2 153 0 186 61 38 52 32 50 36 318 116 1 0 139 101 135 4 6
4 0 0 152 189 36 44 37 86 38 37 39 38 38 0 0 123 74 94 115 155 194 195 196 197 198 422 449 481 509 34 27 26 37 13 2 3 4 5 6 7 8 9 10 906 7 7 6 6 11 0 0 1 82710 24 23 1 2 3 0 4 4 59 61 2 33 2 87 32 41 47 3 2 4 6 0 1 5 146 185 14 45 37 51 31 49 35 317 27 87 0 138 100 134 3 5
0 0 150 35 35 43 36 85 37 36 38 37 37 46 84 122 73 18 19 38 37 45 68 107 197 222 25 30 26 33 26 25 36 12 1 0 1 2 3 4 5 6 7 8 916 8 8 7 7 12 0 1 0 0 82681 9 22 0 1 2 3 3 58 60 1 32 1 86 31 40 46 2 1 3 5 0 4 35 109 184 13 44 36 50 30 48 34 316 26 85 0 137 99 133 2 4
112 148 34 34 42 35 84 36 35 37 36 36 45 36 36 72 17 18 37 36 44 21 37 88 23 24 29 25 32 25 24 35 11 0 24 25 26 27 28 29 30 31 32 33 951 9 9 8 21 0 0 2 82638 82664 4 0 8 21 0 1 2 2 57 59 0 31 0 85 30 39 45 1 0 2 4 3 34 96 11 183 12 43 35 49 29 47 33 315 25 76 7 136 98 132 1 3
34 33 33 41 34 83 35 34 36 35 35 44 35 35 71 16 17 36 35 43 20 36 87 22 23 28 24 31 24 23 34 10 22 23 23 24 25 26 27 28 29 30 31 32 985 10 10 9 22 0 2 82630 0 4 19 3 4 2 20 0 1 1 56 30 27 30 0 83 29 38 44 0 1 3 2 33 4 90 10 182 11 42 34 48 28 46 32 314 24 75 6 135 97 131 0 2
32 32 40 33 82 34 33 35 34 34 43 34 34 70 15 16 35 34 42 19 35 86 21 22 27 23 30 23 22 33 9 21 21 22 0 1 2 3 4 5 6 7 8 9 986 11 11 33 0 0 1 3 82622 0 3 18 2 3 1 19 0 0 55 29 26 29 0 81 28 37 43 0 2 1 32 3 61 27 9 181 10 41 33 47 27 45 31 313 23 74 5 134 96 127 2 1
31 39 32 81 33 32 34 33 33 42 33 33 69 14 15 34 33 41 18 34 85 20 21 26 22 29 22 21 32 8 20 20 18 40 41 42 43 44 45 46 47 48 0 11 12 1012 46 0 0 1 0 82579 82620 12 8 2 17 1 2 0 18 29 24 28 25 28 0 79 27 36 42 1 0 31 2 60 1 24 8 180 9 40 32 46 26 44 30 312 22 73 4 133 95 4 121 1
