testcase/acc5.txt
ncols         262 
nrows         133 
xllcorner     4472949 
yllcorner     5543742 
cellsize      5 
NODATA_value  -9999 
[rows 66 to 131 of 133, columns 96 to 191 of 262]
0 75 5 4 14 5 2 3 98 81 5 42 6 4 2 27 22 1 17 58 1 18 0 166 1 2 3 106 1 0 53 1 0 3 43 1 293 0 1 8 0 55 0 1 0 0 1 60 2180 4547 2 1 77 73 72 0 3 1 0 0 0 6 16 1 1 58 5 0 227 0 2 2 6 56 7 6 3 0 4 0 2 1 0 0 121 0 1 6 1 1 15 3 4 20 1 5
1 72 4 3 13 4 1 2 97 80 4 41 5 3 1 26 21 0 16 57 0 17 165 0 1 2 3 101 0 3 48 0 2 42 0 287 4 0 1 5 50 3 0 1 4 10 11 57 2179 4546 4545 5 0 2 0 70 3 2 1 0 0 4 15 0 0 56 0 4 224 1 1 1 1 3 47 41 35 27 21 20 3 2 1 0 119 0 0 5 0 0 14 2 3 19 0 4
0 71 3 2 12 3 0 1 96 79 3 40 4 2 0 25 20 14 0 56 6 9 164 0 1 2 3 96 0 1 47 1 5 35 0 285 3 0 1 2 49 2 0 1 3 4 13 44 2178 5 4511 26 4 1 0 10 50 39 1 0 0 2 0 14 3 0 50 3 223 0 0 0 0 2 1 2 4 6 3 2 12 11 2 1 0 118 0 1 2 12 0 1 2 3 14 3
3 70 2 1 11 2 0 88 6 78 2 39 3 1 24 0 18 13 54 0 5 8 163 0 1 2 3 91 0 46 0 4 24 9 4 279 2 0 1 17 30 1 0 2 3 7 10 18 2171 3 0 4510 25 1 0 9 9 1 36 3 1 0 0 13 0 1 2 46 2 222 212 0 0 0 0 0 0 3 1 0 1 0 7 4 3 113 2 1 0 1 11 0 1 2 13 2
2 69 1 0 10 1 87 0 4 77 1 38 2 0 23 16 0 12 53 3 0 7 162 0 1 2 3 86 4 40 3 23 8 3 4 273 1 0 16 17 11 0 1 2 6 9 5 11 2170 0 1 4507 1 24 0 8 3 2 0 31 1 0 1 3 6 0 1 45 1 8 0 209 206 195 179 2 1 0 2 1 0 1 0 1 0 2 112 111 0 0 4 5 0 1 12 1
1 68 0 1 7 0 86 3 76 0 27 9 1 3 18 15 11 0 51 2 0 5 161 0 1 2 85 3 39 2 22 7 2 3 98 173 0 15 0 15 10 0 1 5 8 4 3 6 2167 1 0 4496 9 0 23 4 2 2 1 2 25 0 0 0 1 5 0 44 0 1 5 1 9 2 11 175 171 148 145 143 100 97 91 90 7 6 1 0 110 0 1 1 4 0 11 0
0 67 0 1 4 85 2 1 73 26 8 0 2 17 1 12 10 17 32 1 0 3 160 0 1 84 2 38 1 21 6 1 2 97 165 6 0 13 7 6 9 0 4 7 3 2 1 3 2143 22 0 4494 0 8 22 1 1 1 1 0 1 24 22 9 0 1 2 0 42 0 4 0 8 1 10 2 4 16 1 0 41 5 4 0 81 23 5 4 3 108 0 0 0 3 1 8
5 66 0 3 84 1 0 65 6 25 7 1 16 0 4 6 9 16 31 0 2 154 4 0 83 1 37 0 20 5 0 1 96 159 4 5 12 6 3 1 8 3 2 3 2 1 0 2 2142 20 0 4492 0 6 0 21 0 0 0 0 0 0 1 9 8 0 0 0 6 34 3 0 6 0 9 1 3 12 2 0 19 14 4 2 1 54 22 1 0 2 106 38 3 1 2 0
4 65 0 1 83 0 1 62 5 24 6 0 15 3 5 0 7 15 30 1 153 0 2 82 0 2 33 19 2 1 0 3 91 158 3 4 11 5 2 0 7 2 1 2 1 0 1 4 2136 19 0 4491 0 0 4 1 20 18 1 0 0 0 0 0 7 7 0 0 3 0 33 2 5 0 7 0 2 6 4 1 12 5 13 3 1 0 53 19 18 17 1 66 33 0 0 1
3 64 0 5 76 0 47 13 4 23 5 13 0 2 4 6 14 9 19 0 152 1 0 80 1 2 29 18 1 0 2 5 84 157 2 3 10 4 1 3 2 1 0 1 0 0 3 2135 0 17 12 4473 1 0 0 0 0 0 15 13 11 3 1 0 1 4 5 1 0 1 32 1 3 0 5 0 1 5 3 0 3 7 4 12 2 0 31 20 18 7 16 0 65 32 22 0
2 63 0 3 75 2 43 12 3 22 4 12 1 2 0 5 13 8 18 52 98 0 79 0 1 3 24 17 0 1 4 83 5 150 1 2 9 3 0 2 1 0 0 0 1 2 2134 0 16 11 12 27 4444 4335 0 0 0 0 0 0 0 5 3 0 0 3 0 1 0 0 31 0 1 0 2 1 0 1 2 2 2 5 0 3 11 1 0 29 0 9 6 15 0 63 8 21
1 62 2 0 73 1 42 11 2 21 3 11 0 1 4 12 6 0 17 51 97 6 71 0 2 23 14 1 0 3 82 4 149 0 1 7 0 2 0 0 0 0 1 2 2127 2133 7 14 10 11 13 13 38 54 4333 4 1 1 0 0 0 0 0 1 0 0 2 0 0 0 30 1 0 0 0 0 0 0 1 1 1 3 0 2 3 6 0 18 9 0 7 5 14 0 61 7
0 61 1 0 71 0 41 10 1 20 2 10 0 3 6 4 5 15 0 50 96 5 70 1 22 11 1 0 2 81 3 4 143 0 6 0 1 0 2098 2100 2108 2111 2119 2123 4 6 5 9 10 12 12 36 0 53 1484 2842 2 3 1 1 1 0 0 0 2 0 0 0 0 0 26 21 5 4 3 2 1 0 0 0 0 0 1 1 2 2 2 16 0 8 6 1 2 13 0 59
0 60 0 2 67 19 20 9 0 19 1 9 2 5 3 4 6 7 48 0 95 4 69 0 21 10 0 1 80 2 3 137 4 5 6 14 2076 2096 0 6 1 6 2 3 5 4 8 9 11 11 17 17 39 12 1483 246 2591 3 2 2 1 1 1 3 0 1 0 0 1 0 0 0 14 13 12 11 10 9 8 1 0 0 0 0 1 1 1 0 14 4 7 5 0 1 12 58
41 59 1 2 63 18 19 8 18 0 8 1 4 2 3 5 6 21 25 93 0 3 68 17 2 9 0 79 1 2 136 3 4 5 6 10 2049 18 5 0 5 1 2 4 3 7 8 10 10 16 16 38 11 1469 12 245 2582 1709 0 8 2 2 4 1 2 0 2 2 0 0 1 0 0 5 4 3 2 1 0 5 4 1 0 0 0 0 0 0 6 0 3 6 4 0 10 0
40 58 0 1 62 17 18 7 17 7 0 3 1 2 4 5 20 6 17 92 0 1 67 16 1 8 78 0 1 135 2 3 4 5 9 5 2042 17 4 4 0 1 3 2 6 7 9 9 15 15 37 10 1468 11 244 659 0 210 1707 1584 1265 8 2 3 1 0 3 5 0 3 0 0 8 0 1 0 0 3 2 1 0 0 5 3 1 0 0 0 3 0 0 1 5 3 0 8
39 57 0 42 18 16 17 6 16 6 2 0 1 3 4 19 5 7 8 91 0 62 3 15 0 7 77 0 134 1 2 3 4 8 4 7 2033 16 3 3 0 2 1 5 6 8 8 14 14 36 9 1467 10 243 654 3 0 208 6 105 317 1252 9 4 1 4 6 0 5 0 2 9 0 2 7 6 4 0 0 0 9 8 1 0 0 3 1 0 0 1 0 0 3 0 2 5
38 56 22 18 17 15 16 5 15 5 1 0 2 3 18 4 6 7 8 81 61 0 1 14 0 5 76 133 0 1 2 3 7 3 6 2032 9 5 2 2 1 0 4 5 7 7 13 13 35 8 1466 9 242 7 645 2 31 175 5 7 96 316 1241 1132 1131 10 2 0 10 3 0 25 13 9 0 0 3 1 1 10 0 0 1 0 4 0 2 1 0 1 0 0 0 1 1 4
37 55 21 17 16 14 15 4 14 4 0 1 2 17 3 5 6 7 8 71 60 0 9 3 1 2 75 132 0 1 2 6 2 5 5 2025 8 4 1 1 0 3 4 6 6 12 12 34 7 1465 8 241 3 2 644 1 30 174 4 6 95 6 308 107 8 1114 14 13 1 0 28 0 8 7 6 4 0 14 11 3 1 2 0 5 1 4 0 0 2 0 11 1 0 0 0 1
36 54 20 16 15 13 14 3 13 3 0 1 16 2 4 5 6 7 8 61 59 4 3 2 0 1 74 131 0 1 5 1 4 4 514 1509 7 3 0 0 2 3 5 5 11 11 33 6 1464 7 48 191 2 1 643 0 29 173 3 5 94 5 136 170 97 7 1098 784 783 780 741 739 0 0 0 1 15 12 11 6 5 1 6 2 5 0 1 3 1 13 0 7 5 1 0 0
35 53 19 15 14 12 13 2 12 2 0 15 1 3 4 5 6 7 16 43 58 3 2 1 0 42 30 130 0 4 0 3 3 506 6 1508 6 1 0 1 2 4 4 10 10 32 5 1463 6 47 141 48 1 0 642 1 26 172 2 4 93 4 135 135 33 96 6 312 0 1 8 0 728 630 626 550 530 2 1 0 0 7 10 6 4 2 4 2 14 0 0 0 0 2 1 0
34 52 18 14 13 11 12 1 11 1 14 0 2 3 4 5 6 15 8 33 57 2 1 0 41 1 27 129 3 0 2 2 505 5 2 1504 5 0 0 1 3 3 9 9 31 4 1462 5 46 140 45 1 0 641 0 5 19 171 1 3 92 3 134 133 0 32 95 5 310 180 0 7 83 11 1 72 2 513 506 502 20 11 0 5 10 9 3 15 1 1 1 0 0 0 3 2
33 51 17 13 12 10 11 0 10 0 13 1 2 3 4 5 14 7 15 16 56 1 0 40 0 26 24 103 2 0 1 504 4 1 1471 31 3 0 0 2 2 8 8 30 3 1461 4 45 134 4 44 0 1 638 4 18 170 0 2 45 45 2 133 99 32 31 92 1 4 128 179 120 6 82 10 0 71 1 5 2 479 477 394 386 0 370 16 12 9 6 3 1 6 4 5 4
32 50 16 12 11 9 10 1 7 12 0 1 2 3 4 13 6 14 15 17 37 0 39 0 25 23 24 77 1 0 503 3 0 1470 8 21 1 0 1 1 7 7 29 2 1460 3 44 86 46 3 43 0 637 3 1 15 169 1 0 43 44 1 132 98 31 30 62 28 0 3 127 57 119 5 81 9 8 70 0 4 1 0 81 36 373 0 352 198 2 1 0 7 9 8 1 0
31 49 15 11 10 8 9 0 6 11 0 1 2 3 12 5 13 14 16 17 18 38 1 23 22 23 49 26 0 502 0 1 1469 7 5 14 0 0 0 6 6 28 1 1459 2 43 85 45 0 1 42 636 2 0 5 8 168 0 3 38 43 0 131 97 30 29 32 28 27 2 67 58 56 118 4 80 77 7 69 4 3 0 33 9 35 0 102 36 194 9 8 19 8 7 6 5
30 48 14 10 9 7 8 5 3 6 0 1 2 11 4 12 13 15 16 17 37 0 20 21 22 23 24 25 26 474 0 1468 6 4 9 2 0 1 5 5 27 0 1458 1 42 84 2 41 0 41 470 164 1 4 7 2 164 2 37 36 5 130 2 93 29 28 31 27 26 1 40 25 57 55 117 3 1 76 6 63 3 2 0 31 8 34 44 56 35 183 38 17 16 15 14 13
29 47 13 9 8 6 7 4 2 5 0 1 10 3 11 12 14 15 16 17 18 19 20 21 22 23 24 25 470 2 1467 0 4 3 8 1 0 2 4 6 19 1457 0 41 41 41 1 40 40 469 1 161 0 3 6 1 163 1 36 35 4 129 1 92 28 27 30 26 25 0 39 24 56 22 31 116 2 0 75 5 62 2 1 0 29 7 33 43 55 34 143 121 120 119 118 0
27 46 12 8 7 5 6 3 1 4 0 9 2 10 11 13 14 15 16 17 18 19 20 21 22 23 24 25 443 1 1466 0 2 2 7 0 1 3 5 18 7 1448 40 40 40 0 39 39 468 0 158 1 2 5 0 162 0 35 34 3 128 0 31 59 27 26 29 25 24 34 3 23 55 21 30 36 78 1 74 3 0 61 1 0 26 1 6 32 42 54 33 20 2 1 0 116
25 45 11 7 6 4 5 2 0 3 8 1 9 10 12 13 14 15 16 17 18 19 20 21 22 23 24 421 20 0 1465 0 0 1 6 0 2 4 17 6 797 649 39 39 39 38 38 0 466 38 118 0 1 4 102 58 34 33 2 1 125 30 30 27 26 25 28 24 23 33 2 22 54 20 29 35 37 39 0 73 2 58 1 0 25 0 5 5 25 41 53 32 16 15 14 13
23 44 10 6 5 3 4 1 2 7 0 8 9 11 12 13 14 15 16 17 18 19 20 21 22 23 420 3 15 0 1462 0 0 1 3 1 3 16 5 756 39 648 38 38 38 37 37 0 464 37 117 0 3 101 57 33 32 1 0 93 30 29 29 26 25 24 27 23 22 32 1 21 53 19 28 34 18 17 38 0 71 1 57 0 3 20 4 4 5 18 40 52 31 21 8 2
21 43 9 5 4 2 3 0 1 6 7 8 10 11 12 13 14 15 16 17 18 19 20 21 22 419 2 3 10 4 1448 7 0 2 0 2 15 4 8 746 38 647 37 37 37 36 36 386 76 36 116 0 1 100 56 32 31 0 31 60 29 28 28 25 24 23 26 22 21 31 0 20 52 18 27 33 17 16 21 15 70 0 1 54 2 19 3 3 4 17 32 6 51 8 11 4
7 42 8 4 3 1 2 0 5 6 7 9 10 11 12 13 14 15 16 17 18 19 20 21 418 1 2 9 3 4 1442 6 0 0 1 14 3 7 690 54 37 646 36 36 36 35 35 385 75 35 115 0 34 64 55 31 30 30 0 58 28 27 27 24 23 22 25 21 20 30 19 0 50 17 26 32 16 15 20 14 12 56 0 53 1 18 2 2 3 16 31 5 37 12 7 10
6 41 7 3 2 0 1 4 5 6 8 9 10 11 12 13 14 15 16 17 18 19 20 417 0 1 8 2 3 15 1425 4 0 0 13 2 6 657 31 53 36 645 35 35 35 34 34 384 74 34 114 33 31 31 54 30 29 29 0 56 27 26 26 23 22 21 24 20 19 29 18 17 31 16 25 31 15 14 19 13 11 54 0 52 0 17 1 1 2 15 30 4 36 5 5 6
5 40 6 2 1 0 3 4 5 7 8 9 10 11 12 13 14 15 16 17 18 19 20 395 0 7 1 2 3 10 1424 2 0 12 1 5 0 655 30 52 35 644 34 34 34 33 33 383 73 33 113 32 30 30 53 29 28 28 27 27 26 25 25 22 21 20 23 19 18 28 17 16 30 15 24 30 14 13 18 12 10 9 43 33 17 16 0 0 1 14 29 3 35 3 0 4
4 39 5 1 0 2 3 4 6 7 8 9 10 11 12 13 14 15 16 17 18 19 26 367 6 0 1 2 8 0 1423 1 11 0 1 2 629 24 29 51 34 643 33 33 33 32 32 382 72 32 112 31 29 29 52 28 27 27 26 26 25 24 24 21 20 19 22 18 17 27 16 15 29 14 23 29 13 12 17 11 9 8 22 19 32 16 15 0 0 12 28 2 34 1 0 3
3 38 4 0 1 2 3 5 6 7 8 9 10 11 12 13 14 15 16 17 18 25 18 347 5 0 1 6 0 1376 45 0 10 0 1 539 88 23 28 50 33 642 32 32 32 31 31 381 71 31 111 30 28 28 51 27 26 26 25 25 24 23 23 20 19 18 21 17 16 26 15 14 28 13 22 28 12 11 16 10 8 7 21 18 14 16 15 14 11 9 17 1 9 23 0 2
2 37 3 0 1 2 4 5 6 7 8 9 10 11 12 13 14 15 16 17 24 17 22 323 4 0 1 3 1375 42 1 0 8 0 526 11 87 22 27 49 32 641 31 31 31 30 30 380 70 30 110 29 27 27 50 26 25 25 24 24 23 22 22 19 18 17 20 16 15 25 14 13 27 12 21 27 11 10 15 9 7 6 20 17 13 15 14 13 10 8 16 0 8 7 14 1
1 36 2 0 1 3 4 5 6 7 8 9 10 11 12 13 14 15 16 23 16 21 15 306 3 0 2 1374 26 14 0 1 5 0 524 10 86 21 26 48 31 640 30 30 30 29 29 379 69 29 109 28 26 26 49 25 24 24 23 23 22 21 21 18 17 16 19 15 14 24 13 12 26 11 20 26 10 9 14 8 6 5 19 16 12 14 13 12 9 7 8 6 7 6 13 0
0 35 1 0 2 3 4 5 6 7 8 9 10 11 12 13 14 15 22 15 20 14 28 276 2 1 0 1372 25 13 0 1 2 149 373 9 85 20 25 47 30 639 29 29 29 28 28 378 68 28 108 27 25 25 48 24 23 23 22 22 21 20 20 17 16 15 18 14 13 23 12 11 25 10 19 25 9 8 13 7 5 4 18 15 11 13 12 11 8 6 7 5 6 5 10 1
0 33 0 1 2 3 4 5 6 7 8 9 10 11 12 13 14 21 14 19 13 27 13 261 1 0 16 1354 24 12 0 1 2 145 372 8 84 19 24 46 29 638 28 28 28 27 27 377 67 27 107 26 24 24 47 23 22 22 21 21 20 19 19 16 15 14 17 13 12 22 11 10 24 9 18 24 8 7 12 6 4 3 17 14 10 12 11 10 7 5 6 4 5 4 4 4
1 30 0 1 2 3 4 5 6 7 8 9 10 11 12 13 20 13 18 12 26 12 20 239 0 15 0 1352 23 11 0 1 2 141 371 7 83 18 23 45 28 637 27 27 27 26 26 376 66 26 106 25 23 23 46 22 21 21 20 20 19 18 18 15 14 13 16 12 11 21 10 9 23 8 17 23 7 6 11 5 3 2 16 13 9 11 10 9 6 4 5 3 4 3 3 1
0 29 0 1 2 3 4 5 6 7 8 9 10 11 12 19 12 17 11 25 11 19 20 217 0 13 0 1350 22 10 0 1 3 136 370 6 82 17 22 44 27 636 26 26 26 25 25 375 65 25 105 24 22 22 45 21 20 20 19 19 18 17 17 14 13 12 15 11 10 20 9 8 22 7 16 22 6 5 10 4 2 1 15 12 8 10 9 8 5 3 4 2 3 2 1 0
0 27 0 1 2 3 4 5 6 7 8 9 10 11 18 11 16 10 24 10 18 19 19 196 2 9 0 1348 21 9 0 2 1 133 369 5 81 16 21 43 26 635 25 25 25 24 24 374 64 24 104 23 21 21 44 20 19 19 18 18 17 16 16 13 12 11 14 10 9 19 8 7 21 6 15 21 5 4 9 3 1 0 14 11 7 9 8 7 4 2 3 1 2 0 0 0
0 25 0 1 2 3 4 5 6 7 8 9 10 17 10 15 9 23 9 17 18 18 47 147 1 8 1347 0 19 8 1 0 4 127 368 4 80 15 20 42 25 634 24 24 24 23 23 373 63 23 103 22 20 20 43 19 18 18 17 17 16 15 15 12 11 10 13 9 8 18 7 6 20 5 14 20 4 3 8 2 0 11 1 10 6 8 7 6 3 1 2 0 0 0 0 965
0 23 0 1 2 3 4 5 6 7 8 9 16 9 14 8 22 8 16 17 17 46 6 139 0 7 1346 9 8 7 0 3 1 124 367 3 79 14 19 41 24 633 23 23 23 22 22 372 62 22 102 21 19 19 42 18 17 17 16 16 15 14 14 11 10 9 12 8 7 17 6 5 19 4 13 19 3 2 7 1 10 0 9 5 7 6 2 2 2 0 0 0 872 955 960 2
0 21 0 1 2 3 4 5 6 7 8 15 8 13 7 21 7 15 16 16 45 5 42 95 2 3 1345 8 7 6 2 0 1 121 366 2 78 13 18 40 23 632 22 22 22 21 21 371 61 21 101 20 18 18 41 17 16 16 15 15 14 13 13 10 9 8 11 7 6 16 5 4 18 3 12 18 2 1 6 0 9 8 4 6 2 2 1 1 0 0 729 871 48 32 3 1
0 19 0 1 2 3 4 5 6 7 14 7 12 6 20 6 14 15 15 44 4 41 3 90 1 2 1344 7 6 5 1 0 2 117 365 1 77 12 17 39 22 631 21 21 21 20 20 370 60 20 100 19 17 17 40 16 15 15 14 14 13 12 12 9 8 7 10 6 5 15 4 3 17 2 11 17 1 0 5 8 7 3 2 2 1 1 0 0 711 728 139 0 47 31 2 0
4 13 0 1 2 3 4 5 6 13 6 11 5 19 5 13 14 14 43 3 40 2 47 41 0 1 1343 6 5 4 0 1 2 113 364 0 76 11 16 38 21 630 20 20 20 19 19 369 59 19 99 18 16 16 39 15 14 14 13 13 12 11 11 8 7 6 9 5 4 14 3 2 16 1 10 16 0 4 7 3 2 2 1 1 0 0 702 710 14 0 135 2 46 30 1 31
3 12 0 1 2 3 4 5 12 5 10 4 18 4 12 13 13 42 2 39 1 46 18 21 0 3 1338 5 4 3 0 1 2 109 363 65 9 10 15 37 20 629 19 19 19 18 18 368 58 18 98 17 15 15 38 14 13 13 12 12 11 10 10 7 6 5 8 4 3 13 2 1 15 0 9 15 3 3 2 2 1 1 0 0 687 701 5 0 11 1 134 1 45 29 0 30
2 11 0 1 2 3 4 11 4 9 3 17 3 11 12 12 41 1 38 0 1 43 17 20 0 1 1337 4 3 2 0 1 101 6 362 64 8 9 14 36 19 628 18 18 18 17 17 367 57 17 97 16 14 14 37 13 12 12 11 11 10 9 9 6 5 4 7 3 2 12 1 0 14 8 10 3 2 2 1 1 0 0 668 686 11 0 2 1 10 0 133 0 44 28 0 28
1 10 0 1 2 3 10 3 8 2 16 2 10 11 11 40 0 1 35 0 1 40 16 19 0 15 1320 3 2 1 0 100 5 38 322 63 7 8 13 35 18 627 17 17 17 16 16 366 56 16 96 15 13 13 36 12 11 11 10 10 9 8 8 5 4 3 6 2 1 11 0 13 7 6 2 2 1 1 0 0 621 667 15 0 0 9 1 0 9 129 2 0 42 27 27 13
0 9 0 1 2 9 2 7 1 15 1 9 10 10 21 17 0 9 24 0 25 13 15 18 14 1303 15 2 1 0 99 4 5 31 321 62 6 7 12 34 17 626 16 16 16 15 15 365 55 15 95 14 12 12 35 11 10 10 9 9 8 7 7 4 3 2 5 1 0 10 12 6 2 2 1 1 0 0 346 620 43 0 0 13 0 7 0 7 0 128 1 41 26 26 12 27
0 7 0 1 8 1 6 0 14 0 8 9 9 20 0 15 8 11 11 24 12 14 17 13 13 1288 14 1 0 98 3 4 30 320 22 38 5 6 11 33 16 625 15 15 15 14 14 364 54 14 94 13 11 11 34 10 9 9 8 8 7 6 6 3 2 1 4 0 9 11 2 2 1 1 0 0 276 345 116 155 0 41 5 6 3 2 1 4 127 0 40 25 25 11 26 11
0 5 0 1 5 0 5 6 6 7 8 8 9 9 14 7 10 10 23 11 13 16 12 12 1284 2 13 0 97 2 3 29 245 73 21 37 4 5 10 32 15 624 14 14 14 13 13 363 53 13 93 12 10 10 33 9 8 8 7 7 6 5 5 2 1 0 3 8 7 2 1 1 0 0 222 275 66 0 110 4 154 40 4 5 2 1 0 3 126 39 24 24 10 25 10 33
0 3 0 1 2 4 5 5 6 7 7 8 8 13 6 9 9 22 10 12 15 11 11 1282 0 1 12 96 1 2 28 244 4 67 20 36 3 4 9 31 14 623 13 13 13 12 12 362 52 12 92 11 9 9 32 8 7 7 6 6 5 4 4 1 0 2 7 4 1 1 0 0 204 221 50 0 0 64 109 3 153 39 3 4 1 0 2 125 38 23 23 9 24 9 32 10
0 2 0 1 3 4 4 5 6 6 7 7 12 5 8 8 21 9 11 14 10 10 10 1270 0 11 95 0 1 27 2 240 3 66 19 35 2 3 8 30 13 622 12 12 12 11 11 361 51 11 91 10 8 8 31 7 6 6 5 5 4 3 3 0 1 6 1 1 0 0 198 203 14 0 0 48 63 104 3 2 152 38 2 3 0 1 124 37 22 22 8 23 8 31 9 5
0 1 0 2 3 3 4 5 5 6 6 11 4 7 7 20 8 10 13 9 9 9 9 1259 10 10 83 0 26 1 237 1 2 65 18 34 1 2 7 29 12 621 11 11 11 10 10 360 50 10 90 9 7 7 30 6 5 5 4 4 3 2 2 0 3 1 0 0 0 197 1 1 0 12 47 62 99 3 2 1 151 37 1 2 0 123 36 21 21 7 22 7 30 8 4 3
0 0 1 2 2 3 4 4 5 5 10 3 6 6 19 7 9 12 8 8 8 8 1258 9 9 30 51 25 0 228 7 0 1 64 17 33 0 1 6 28 11 620 10 10 10 9 9 359 49 9 89 8 6 6 29 5 4 4 3 3 2 1 1 1 0 0 0 158 189 5 0 0 11 46 31 29 98 2 1 0 150 36 0 1 122 35 20 20 6 21 6 29 7 3 2 96
0 0 1 1 2 3 3 4 4 9 2 5 5 18 6 8 11 7 7 7 7 1257 8 8 29 38 11 24 223 3 6 0 1 61 16 32 0 1 3 27 10 619 9 9 9 8 8 358 48 8 88 7 5 5 28 4 3 3 2 2 1 0 0 0 0 91 156 27 0 0 4 10 45 28 1 28 97 1 0 148 0 35 0 121 34 19 19 5 20 5 28 6 2 1 95 3
1 0 0 1 2 2 3 3 8 1 4 4 17 5 7 10 6 6 6 6 1256 7 7 28 37 1 8 23 222 2 5 0 58 1 15 31 0 0 1 26 9 618 8 8 8 7 7 357 47 7 87 6 4 4 27 3 2 2 1 1 0 0 0 69 89 61 0 0 26 3 9 41 2 27 0 27 96 0 146 0 33 0 120 33 18 18 4 19 4 27 5 1 0 94 2 0
0 0 0 1 1 2 2 7 0 3 3 16 4 6 9 5 5 5 5 1255 6 6 27 36 0 1 5 22 221 1 4 57 0 1 12 21 8 0 8 16 8 617 7 7 7 6 6 356 46 6 86 5 3 3 26 2 1 1 0 0 0 56 67 17 0 38 21 25 2 5 2 40 1 26 1 24 95 0 144 0 31 119 32 17 17 3 18 3 26 4 0 0 93 1 0 1
9 0 0 0 1 1 3 2 2 2 15 3 5 8 4 4 4 4 1254 5 5 26 6 28 0 1 2 21 220 0 3 56 0 9 1 20 7 7 0 14 7 616 6 6 6 5 5 355 45 5 85 4 2 2 25 1 0 0 0 50 54 7 0 16 37 20 19 4 1 4 1 39 0 25 0 23 94 116 26 30 118 31 16 16 2 17 2 25 3 89 90 91 0 0 1 8
4 7 4 0 0 2 1 1 1 14 2 4 7 3 3 3 3 1253 4 4 25 5 4 22 0 1 2 17 219 0 1 55 8 0 1 17 6 6 6 6 6 615 5 5 5 4 4 354 44 4 84 3 1 1 24 0 0 31 48 1 0 6 15 36 15 3 18 3 0 3 0 38 0 23 22 93 115 25 29 117 30 15 15 1 16 1 24 2 88 0 1 2 3 4 5 0
3 0 0 3 1 0 0 0 13 1 3 6 2 2 2 2 1252 3 3 24 4 3 4 16 0 1 2 13 218 0 1 52 7 0 5 10 5 5 5 5 5 614 4 4 4 3 3 353 43 3 83 2 0 0 23 2 29 1 13 0 5 14 17 17 14 2 17 2 1 0 19 17 22 21 92 114 24 28 116 29 14 14 0 15 0 23 1 87 2 3 4 5 6 7 8 16
3 2 1 0 0 1 8 12 0 2 5 1 1 1 1 1251 2 2 23 3 2 3 3 11 0 1 2 9 217 0 40 10 6 4 0 8 4 4 4 4 4 613 3 3 3 2 2 352 42 2 82 0 0 22 1 1 23 0 12 4 13 1 14 16 13 1 16 1 0 18 16 21 20 91 113 23 27 115 28 13 13 13 14 0 22 0 86 1 0 1 2 3 4 5 6 0
4 2 1 0 0 1 3 2 1 4 0 0 0 0 1250 1 1 22 2 1 2 2 2 7 0 1 3 4 216 39 4 4 5 3 3 3 3 3 3 3 3 612 2 2 2 1 1 351 41 0 0 81 1 19 0 0 22 11 3 9 2 0 13 15 12 0 15 0 17 15 20 19 90 112 22 26 114 27 12 12 12 10 19 20 0 85 0 11 12 13 14 15 16 17 18 29
