testcase/data/dem_fill5.txt
ncols         262 
nrows         133 
xllcorner     4472949 
yllcorner     5543742 
cellsize      5 
NODATA_value  -9999 
[rows 28 to 55 of 133, columns 126 to 188 of 262]
362.2703 362.3296 362.3967 362.4548 362.4806 362.5216 362.553 362.5569 362.544 362.5721 362.5977 362.6604 362.6881 362.6506 362.5723 362.4335 362.276 362.2007 362.0974 362.471 363.0239 363.3867 363.7052 363.9364 364.1509 364.3492 364.4477 364.4933 364.5483 364.6393 364.8594 365.0242 365.1573 365.3865 365.7066 366.0294 366.1771 366.2121 366.3885 366.7327 367.1633 367.7137 368.4714 369.5426 371.1121 372.0575 372.9702 373.6681 374.04 373.9251 373.3978 372.1248 370.7308 369.2463 367.9849 367.0536 365.7607 364.5404 363.8319 363.4109 363.0089 362.4692 361.8063
361.0199 361.1045 361.1762 361.1901 361.2188 361.1938 361.2584 361.3094 361.3948 361.5328 361.6962 361.8575 361.9728 362.0244 362.0238 361.9835 361.9199 361.7896 361.6138 361.6836 361.765 361.8011 362.1363 362.5748 362.8273 363.0453 363.1474 363.1174 363.0956 363.196 363.4327 363.584 363.793 364.1042 364.467 364.7513 365.015 365.153 365.2875 365.3527 365.6275 366.0246 366.7902 368.0019 368.8679 370.0539 370.931 371.6873 371.9932 371.894 371.2459 369.9084 368.5103 367.1727 365.9448 365.0342 363.9808 363.0667 362.5154 362.1505 361.7167 361.1242 360.7245
359.9072 359.9918 360.0498 360.06 360.0896 360.1283 360.2498 360.3306 360.5022 360.7239 360.9601 361.1957 361.2994 361.3904 361.4203 361.3941 361.4052 361.3974 361.2907 361.1623 361.0198 360.96 360.9625 361.0323 361.0816 361.1856 361.2757 361.3957 361.4691 361.6964 362.0259 362.1519 362.3645 362.719 363.098 363.4379 363.6982 363.9364 364.1466 364.3931 364.6244 364.923 365.5294 366.0752 366.7205 367.9403 368.9316 369.6993 369.8895 369.6627 369.0562 367.8138 366.4852 365.3459 364.2759 363.431 362.4712 361.94 361.3775 360.8399 360.4963 360.2712 360.0734
359.0744 359.1477 359.2193 359.2899 359.3643 359.445 359.5863 359.7114 359.932 360.1667 360.4046 360.6219 360.7534 360.892 360.868 360.8134 360.8254 360.8618 360.8412 360.8006 360.654 360.4915 360.3892 360.3088 360.2092 360.2133 360.1491 360.1858 360.2637 360.3765 360.6259 360.8453 361.1342 361.5901 361.8051 361.8929 362.0962 362.5623 363.0719 363.4238 363.7671 364.1318 364.4102 364.8385 365.4897 366.3359 367.1927 367.8683 368.1554 367.8288 367.2647 366.1107 364.9181 363.892 362.8848 362.0639 361.2527 360.8413 360.4367 360.1896 359.9738 359.8689 359.8083
358.4058 358.4463 358.5226 358.6067 358.7262 358.8901 359.1109 359.2807 359.3908 359.56 359.6759 359.9202 360.1476 360.199 360.2404 360.1627 360.0961 360.0578 360.0894 360.1806 360.1455 359.9964 359.8812 359.7611 359.5973 359.4793 359.422 359.4166 359.486 359.5756 359.8389 360.1052 360.3564 360.6902 360.8403 360.7724 360.8833 361.181 361.6034 362.0835 362.6371 363.034 363.4367 363.6811 364.0622 364.6161 365.3437 365.8834 366.2278 366.0009 365.3095 364.3154 363.3974 362.3568 361.3848 360.6658 360.1179 359.8996 359.823 359.7466 359.6908 359.7156 359.7374
358.2872 358.3066 358.3368 358.3637 358.4843 358.5776 358.6295 358.8025 358.9914 359.0998 359.184 359.3656 359.4761 359.4398 359.5118 359.6087 359.5426 359.481 359.4763 359.5062 359.511 359.4697 359.3715 359.2572 359.1359 359.0206 358.9301 358.9084 358.9731 359.1062 359.2945 359.5414 359.776 359.9873 360.1045 360.1035 360.1486 360.2939 360.5508 360.7513 361.175 361.8511 362.2066 362.5833 362.9553 363.3145 363.7554 364.1616 364.4816 364.4225 363.7628 362.8492 361.9339 360.9889 360.0851 359.7042 359.5509 359.5436 359.5672 359.5825 359.6237 359.6858 359.7013
358.3479 358.364 358.3731 358.356 358.4013 358.4597 358.4368 358.4381 358.4933 358.6296 358.7836 358.9602 359.0708 359.0676 359.0408 359.1081 359.1405 359.1376 359.1162 359.0911 359.084 359.091 359.0179 358.8974 358.8114 358.7461 358.7197 358.7455 358.7657 358.8336 358.9637 359.1057 359.2296 359.3281 359.3972 359.4883 359.5974 359.7025 359.8252 359.939 360.1473 360.4602 360.8683 361.503 361.8329 362.2346 362.5795 362.9019 363.1229 362.9415 362.3068 361.5254 360.5217 359.7781 359.4989 359.4613 359.5024 359.5335 359.5715 359.633 359.6852 359.7261 359.747
358.4648 358.4744 358.4133 358.4069 358.4088 358.42 358.4181 358.4181 358.4181 358.4493 358.4741 358.5084 358.6003 358.6942 358.7339 358.7911 358.8333 358.8461 358.8652 358.8285 358.8268 358.8342 358.82 358.7448 358.6811 358.65 358.6863 358.7043 358.7191 358.7452 358.8033 358.8597 358.9496 358.9887 359.0114 359.1054 359.2103 359.2714 359.3611 359.4927 359.5793 359.7047 359.9522 360.3412 360.7918 361.375 361.5409 361.6321 361.7517 361.7645 361.082 360.2299 359.6488 359.4791 359.4613 359.4808 359.5181 359.5809 359.6418 359.6711 359.7 359.7305 359.7567
358.5736 358.6026 358.5567 358.4998 358.4174 358.4181 358.4181 358.4181 358.4181 358.4181 358.4181 358.4181 358.419 358.463 358.4802 358.5153 358.547 358.5834 358.629 358.6439 358.6394 358.6571 358.6434 358.62 358.6246 358.6481 358.6633 358.6777 358.7071 358.726 358.7571 358.7742 358.8023 358.8292 358.8576 358.9054 358.9363 359.0097 359.1141 359.1769 359.2166 359.3295 359.4462 359.6345 359.9241 360.1815 360.4081 360.5695 360.5569 360.394 359.8962 359.5131 359.3879 359.416 359.4616 359.5196 359.5847 359.6315 359.6783 359.7037 359.7214 359.7448 359.7714
358.6788 358.6848 358.6477 358.5884 358.544 358.4362 358.4181 358.4181 358.4181 358.4181 358.4181 358.4181 358.4181 358.4181 358.4181 358.4181 358.4426 358.4949 358.5305 358.5504 358.53 358.5614 358.575 358.6044 358.6416 358.6716 358.6904 358.6978 358.7293 358.7388 358.7826 358.7957 358.8112 358.8226 358.8353 358.8548 358.8822 358.931 358.9888 359.0226 359.0378 359.0802 359.1586 359.2999 359.4878 359.6665 359.8471 359.9037 359.8459 359.6277 359.3653 359.2983 359.3667 359.4517 359.5108 359.5587 359.615 359.6656 359.712 359.7308 359.7499 359.7884 359.8263
358.7872 358.7661 358.7025 358.6246 358.5355 358.4512 358.4181 358.4181 358.4181 358.4181 358.4181 358.4181 358.4181 358.4181 358.4181 358.4181 358.4181 358.4341 358.4823 358.53 358.53 358.5712 358.5798 358.5937 358.6241 358.6569 358.7057 358.7079 358.7488 358.7664 358.8058 358.8085 358.825 358.8328 358.8546 358.8579 358.872 358.8981 358.9457 358.9812 359.0081 359.0342 359.0464 359.0986 359.1997 359.2921 359.359 359.3919 359.3502 359.2591 359.1952 359.3249 359.4335 359.4807 359.5347 359.589 359.648 359.6882 359.7206 359.7632 359.7898 359.8296 359.8714
358.4756 358.7911 358.7364 358.6334 358.5316 358.4425 358.4181 358.4181 358.4181 358.4181 358.4181 358.4181 358.4181 358.4181 358.4181 358.4197 358.4399 358.4589 358.5109 358.5463 358.5338 358.5543 358.5796 358.5852 358.605 358.6487 358.6811 358.7197 358.7572 358.7771 358.8029 358.8083 358.8087 358.8332 358.8646 358.8712 358.8808 358.9084 358.9523 358.9758 358.9978 359.0192 359.0346 359.0465 359.0866 359.13 359.1578 359.1886 359.189 359.1647 359.2463 359.3668 359.4429 359.4871 359.567 359.6234 359.6613 359.6985 359.7395 359.7867 359.8159 359.8621 359.9072
358.1712 358.3476 358.789 358.6562 358.5428 358.474 358.4181 358.4181 358.4181 358.4181 358.4181 358.4181 358.4181 358.4181 358.4181 358.4181 358.4407 358.4649 358.4939 358.5374 358.5434 358.5648 358.5898 358.6253 358.6443 358.6626 358.6727 358.6742 358.6742 358.6742 358.6742 358.6742 358.6742 358.7064 358.8013 358.8651 358.8928 358.9221 358.9472 358.9979 359.0012 359.0291 359.0424 359.0484 359.0836 359.1086 359.127 359.1364 359.1364 359.2078 359.3882 359.4585 359.4762 359.5237 359.5938 359.6302 359.6761 359.7154 359.7661 359.7876 359.8233 359.8949 359.9532
358.7646 358.2985 358.2985 358.7533 358.7372 358.6277 358.5531 358.4588 358.4181 358.4181 358.4181 358.4181 358.4181 358.4181 358.4181 358.4226 358.432 358.4413 358.4691 358.5192 358.519 358.5351 358.5618 358.5908 358.6201 358.6559 358.6819 358.7272 358.7816 358.8055 358.8276 358.8294 358.8322 358.8475 358.8486 358.8013 358.8013 358.8209 358.8565 358.9113 358.978 359.0385 359.0291 359.0387 359.0686 359.0687 359.096 359.1603 359.2513 359.3575 359.4324 359.4785 359.496 359.5482 359.6097 359.6583 359.7025 359.7394 359.7751 359.7838 359.8423 359.9425 360.0541
358.5807 358.7664 358.5146 358.2985 358.308 358.821 358.7155 358.5746 358.4812 358.4263 358.4181 358.4181 358.4181 358.4181 358.4181 358.4321 358.4433 358.4596 358.4912 358.519 358.519 358.5366 358.5627 358.5968 358.6196 358.6424 358.6454 358.6751 358.748 358.7982 358.8495 358.8564 358.8877 358.9124 358.9361 358.9544 358.941 358.9438 358.9718 359.0252 359.0663 359.0974 359.1353 359.162 359.2026 359.1943 359.2155 359.2839 359.3532 359.4059 359.4548 359.4858 359.518 359.5709 359.624 359.6688 359.7213 359.7721 359.8044 359.8203 359.9268 360.082 360.181
358.4485 358.5768 358.721 358.724 358.2985 358.2985 358.9052 358.7047 358.5717 358.5115 358.4958 358.4505 358.4181 358.4181 358.4181 358.4181 358.424 358.4561 358.5119 358.5232 358.5247 358.5567 358.5914 358.6148 358.6421 358.6646 358.6695 358.6791 358.7394 358.7931 358.8458 358.8658 358.8893 358.9203 358.9615 359.0076 358.9987 359.0294 359.0786 359.1093 359.1533 359.1875 359.2623 359.3167 359.3499 359.3549 359.3846 359.395 359.4215 359.4548 359.48 359.504 359.5476 359.5928 359.6307 359.6796 359.7684 359.8262 359.9022 360.0063 360.1646 360.2802 360.1628
358.3561 358.4707 358.5535 358.6731 358.8725 358.43 358.7534 358.9583 358.8314 358.6962 358.6397 358.5727 358.515 358.475 358.4431 358.4446 358.473 358.4988 358.4946 358.5308 358.5554 358.5658 358.5927 358.6217 358.6687 358.7044 358.725 358.7347 358.754 358.7786 358.8114 358.8479 358.8831 358.922 358.98 359.0563 359.0676 359.0864 359.1452 359.1729 359.2058 359.2672 359.344 359.4185 359.4766 359.4818 359.5013 359.5181 359.5367 359.5277 359.5472 359.5704 359.5975 359.642 359.6887 359.7526 359.8666 359.9637 360.109 360.2596 359.9301 359.5976 359.5976
358.2576 358.3859 358.4621 358.6183 358.7984 358.8178 358.43 358.8739 359.0278 358.9769 358.8657 358.7084 358.5924 358.5048 358.4722 358.5 358.52 358.5404 358.5535 358.5724 358.5511 358.5668 358.6238 358.6649 358.6819 358.7062 358.742 358.7622 358.7674 358.775 358.8087 358.8433 358.8864 358.9426 359.0217 359.1004 359.1243 359.1438 359.2012 359.2259 359.2716 359.3626 359.4567 359.5656 359.6451 359.6306 359.6842 359.7364 359.7168 359.6738 359.6865 359.6999 359.7016 359.7401 359.8029 359.8904 360.0372 360.1424 359.7555 359.4293 359.503 359.8033 359.9527
358.2056 358.3248 358.4464 358.6206 358.7708 358.8698 358.8091 358.43 358.43 358.43 358.9014 358.9029 358.6931 358.6228 358.5647 358.5634 358.5838 358.6046 358.607 358.6174 358.5948 358.5607 358.6213 358.6712 358.7013 358.6964 358.7457 358.7751 358.8062 358.8308 358.8664 358.8907 358.9402 359.0241 359.1142 359.1943 359.2352 359.2352 359.261 359.2722 359.3296 359.4536 359.6007 359.8015 359.8416 359.9072 359.9778 359.9886 359.9471 359.8767 359.8861 359.8994 359.9068 359.9394 359.9839 360.0069 360.181 359.6661 359.4192 359.919 360.2983 360.2577 360.2043
358.2109 358.2843 358.4289 358.6256 358.7515 358.7836 358.86 359.0233 358.96 358.6755 358.43 359.0747 358.7701 358.716 358.6927 358.6799 358.6838 358.7078 358.7168 358.7076 358.6532 358.638 358.6466 358.6783 358.6902 358.7442 358.7871 358.8241 358.8489 358.8987 358.9327 358.981 359.0292 359.1115 359.2023 359.3158 359.3586 359.3892 359.4026 359.3882 359.421 359.5605 359.7899 359.4246 359.1917 359.1917 359.1917 359.1917 359.1917 359.5284 359.4192 359.4192 359.785 359.7648 359.8858 360.0938 359.5238 359.4192 360.198 360.2747 360.1519 360.1047 360.0748
358.2578 358.2647 358.3952 358.5992 358.6975 358.7234 358.7561 358.7986 358.9337 359.0275 358.43 359.0285 358.8339 358.7589 358.7424 358.756 358.7756 358.8388 358.8853 358.8467 358.7324 358.7101 358.7052 358.6621 358.7238 358.782 358.8377 358.8862 358.8856 358.9314 358.9719 359.0351 359.1269 359.2072 359.3024 359.4636 359.5147 359.5803 359.5564 359.539 359.6181 359.7934 359.5766 359.1917 359.8334 359.897 359.9024 359.8409 359.7742 359.249 359.4886 359.4192 359.4192 359.4192 359.4192 359.4192 359.4192 360.0727 360.1599 360.0307 359.9993 359.9856 359.9557
358.2494 358.2801 358.3562 358.5637 358.6526 358.6841 358.7108 358.8074 358.9652 359.1536 358.43 359.0521 358.9337 358.8504 358.8315 358.8343 358.874 358.9596 359.0228 358.9844 358.8377 358.7716 358.756 358.713 358.7352 358.8046 358.8718 358.9149 358.9344 358.9572 359.011 359.0967 359.211 359.3315 359.4415 359.6322 359.4104 359.1382 359.226 359.3847 359.4382 359.265 359.1917 359.7076 359.7683 359.749 359.7718 359.7798 359.8127 359.8635 359.9128 359.9603 359.6898 359.8051 359.8891 360.0457 360.1326 360.0399 359.9528 359.9366 359.9342 359.911 359.9221
358.2737 358.2992 358.3607 358.5124 358.5816 358.6219 358.6633 358.8244 359.0367 358.9565 358.43 359.1974 359.1762 359.1246 359.041 359.0593 359.0574 359.0927 359.1384 359.1039 358.9496 358.8618 358.8329 358.776 358.8175 358.8814 358.9326 358.9678 358.983 359.0092 359.0775 359.1683 359.2894 359.4401 359.5242 359.0502 359.0502 359.1349 359.1349 359.1349 359.1349 359.1917 359.5787 359.7307 359.606 359.5633 359.5728 359.6145 359.6265 359.6582 359.7021 359.7459 359.7586 359.7818 359.8338 359.9278 359.9192 359.8522 359.8024 359.8286 359.848 359.8972 359.8887
358.2868 358.3843 358.3824 358.4372 358.6101 358.7983 358.891 358.9209 359.0422 359.0805 358.43 358.43 358.7253 359.2849 359.3426 359.3219 359.3293 359.4 359.4048 359.3858 359.2482 359.1 358.9852 358.9382 358.972 359.027 359.0466 359.0531 359.0512 359.1137 359.1948 359.3139 359.4477 359.4578 359.0403 359.1798 359.7129 359.7557 359.7168 359.696 359.7016 359.6477 359.62 359.5654 359.4763 359.4509 359.4441 359.48 359.5051 359.5458 359.5859 359.6019 359.5816 359.6133 359.6707 359.7314 359.7234 359.7097 359.7057 359.7298 359.7503 359.789 359.806
358.309 358.3983 358.5287 358.6653 358.8993 359.1053 359.1594 359.0856 358.9886 359.1057 359.1383 358.8283 358.43 358.43 358.5722 359.0957 359.2749 358.582 358.5619 358.7438 359.1264 359.4116 359.2457 359.2048 359.168 359.2137 359.2138 359.1815 359.1425 359.2372 359.336 359.4948 359.3726 359.0403 359.1944 359.6856 359.6533 359.5337 359.4721 359.467 359.4492 359.4294 359.4355 359.459 359.4254 359.3925 359.4019 359.4167 359.4265 359.4419 359.4733 359.4993 359.5371 359.5526 359.5734 359.6111 359.6014 359.6045 359.641 359.6811 359.7114 359.7465 359.7571
358.4672 358.5525 358.6586 358.7874 358.9686 359.2033 359.2717 359.2513 359.2013 359.1458 359.1738 359.1988 359.1585 358.6202 358.43 358.43 358.43 358.5619 358.7438 358.8739 358.7438 359.3678 359.4669 359.4199 359.3975 359.4118 359.4318 359.3435 359.2329 359.3118 359.4614 359.2846 359.0403 359.2266 359.6657 359.6128 359.5018 359.4054 359.3765 359.3698 359.3696 359.3696 359.3716 359.3818 359.3841 359.378 359.3833 359.4037 359.4157 359.4157 359.4157 359.4157 359.4157 359.4286 359.4288 359.4761 359.5061 359.5336 359.5775 359.6537 359.6644 359.6788 359.7079
358.6954 358.7742 358.8353 358.8966 359.0434 359.2758 359.3513 359.3406 359.3211 359.305 359.2424 359.1585 359.224 359.3037 359.035 358.9235 359.1682 359.3242 359.3173 359.4794 358.7438 358.839 359.1662 359.1207 359.2041 359.185 359.1183 359.4999 359.3628 359.3744 359.5739 359.0403 359.1583 359.6959 359.5817 359.4689 359.3848 359.3696 359.3696 359.3696 359.3696 359.3696 359.3696 359.3696 359.3696 359.3762 359.4037 359.4502 359.4809 359.4627 359.4487 359.4616 359.4884 359.4744 359.4811 359.5017 359.4824 359.5336 359.5336 359.5687 359.6087 359.6867 359.7518
358.9753 359.0313 359.127 359.1142 359.1959 359.3609 359.4529 359.416 359.3943 359.3706 359.3465 359.3478 359.3154 359.2807 359.2622 359.272 359.2567 359.2869 359.3173 359.3669 359.3205 359.1542 359.0403 359.0403 359.0403 359.0403 359.0403 359.0403 359.5415 359.5 359.6319 359.0403 359.3503 359.5363 359.4517 359.3768 359.3696 359.3696 359.3696 359.3696 359.3696 359.3696 359.3696 359.3696 359.3744 359.4021 359.4389 359.4892 359.5365 359.5753 359.5897 359.6067 359.6498 359.672 359.6786 359.6761 359.663 359.6078 359.5886 359.5374 359.6175 359.6779 359.7532
