testcase/data/dem_fill5.txt
ncols         262 
nrows         133 
xllcorner     4472949 
yllcorner     5543742 
cellsize      5 
NODATA_value  -9999 
[rows 0 to 27 of 133, columns 189 to 251 of 262]
399.586 399.6256 399.6503 399.6694 399.6799 399.6624 399.6736 399.6528 399.6378 399.6623 399.6602 399.7155 399.649 399.6585 399.6794 399.6913 399.7206 399.7422 399.7598 399.7803 399.7875 399.8 399.8195 399.8481 399.8998 399.9291 399.9652 400.0021 400.0354 400.0626 400.0835 400.1201 400.1546 400.1989 400.2491 400.2997 400.3831 400.4363 400.4704 400.4914 400.5328 400.5937 400.6303 400.6777 400.7504 400.8311 400.8889 400.9514 401.0185 401.1035 401.1452 401.183 401.2166 401.2442 401.2655 401.2923 401.3299 401.3539 401.3757 401.3995 401.4072 401.4133 401.4218
399.5223 399.5787 399.6154 399.6221 399.6308 399.6394 399.6341 399.6257 399.5984 399.6129 399.6143 399.6709 399.6276 399.6344 399.6502 399.6414 399.6616 399.6885 399.7166 399.7261 399.7363 399.738 399.7464 399.7726 399.8093 399.8452 399.8666 399.904 399.9347 399.9731 400.0192 400.0634 400.1186 400.1787 400.2413 400.2904 400.3318 400.374 400.4096 400.4583 400.5273 400.6046 400.6671 400.7135 400.763 400.8212 400.8969 400.9811 401.0586 401.1279 401.1903 401.2549 401.3076 401.3509 401.4058 401.4657 401.5103 401.5533 401.5884 401.6361 401.6621 401.6483 401.6353
399.4473 399.4945 399.5248 399.5304 399.5465 399.5407 399.5494 399.5633 399.5529 399.5543 399.5638 399.5884 399.5547 399.5628 399.5746 399.5738 399.5834 399.5999 399.6054 399.6058 399.6146 399.622 399.6306 399.6362 399.6707 399.7029 399.7358 399.7778 399.8123 399.8515 399.8994 399.9566 400.0156 400.0879 400.152 400.2105 400.272 400.3204 400.3552 400.4069 400.465 400.5356 400.5813 400.633 400.722 400.8181 400.9007 400.9897 401.0645 401.1288 401.19 401.2581 401.3247 401.371 401.4317 401.4957 401.5692 401.6373 401.7012 401.7646 401.7975 401.8084 401.8032
399.3492 399.3827 399.4205 399.4444 399.4483 399.4614 399.4669 399.4558 399.4492 399.4658 399.4686 399.4928 399.4619 399.475 399.4666 399.4525 399.4596 399.4761 399.4962 399.492 399.4883 399.488 399.498 399.5076 399.5199 399.5399 399.5745 399.602 399.6291 399.6726 399.7265 399.7897 399.867 399.9461 400.0151 400.0795 400.1264 400.1703 400.1976 400.2408 400.3145 400.4017 400.491 400.5722 400.6608 400.7448 400.8242 400.9134 401.0089 401.0992 401.1855 401.2622 401.3192 401.3672 401.4248 401.481 401.5497 401.6214 401.6943 401.7553 401.8122 401.8608 401.8741
399.2132 399.2471 399.2764 399.2973 399.3196 399.3355 399.3394 399.3456 399.325 399.3399 399.3842 399.4204 399.3817 399.3514 399.3362 399.3109 399.3177 399.3211 399.3407 399.3503 399.3419 399.3342 399.3342 399.3438 399.3506 399.3657 399.3831 399.4089 399.4273 399.4807 399.5392 399.5963 399.6773 399.7507 399.8178 399.8867 399.9346 399.9752 400.014 400.0586 400.1151 400.1897 400.2859 400.3832 400.4982 400.6078 400.7194 400.8364 400.9459 401.0254 401.1082 401.1689 401.2368 401.3155 401.392 401.4767 401.5445 401.6125 401.673 401.7343 401.7949 401.8428 401.8763
399.0928 399.1158 399.1364 399.1588 399.1822 399.1976 399.1827 399.1755 399.1534 399.1493 399.2169 399.3467 399.25 399.1821 399.1194 399.1003 399.1006 399.1362 399.1586 399.1602 399.1449 399.1538 399.1636 399.1638 399.1735 399.1923 399.1973 399.2126 399.2198 399.264 399.3172 399.3929 399.4547 399.5542 399.6253 399.6974 399.7474 399.7949 399.8408 399.8883 399.9562 400.0276 400.1111 400.2265 400.3548 400.4602 400.5641 400.6864 400.8014 400.9073 401.0075 401.1022 401.1813 401.2356 401.2941 401.3772 401.4525 401.5356 401.6184 401.6919 401.7473 401.7909 401.8302
398.8409 398.8667 398.8768 398.9238 398.935 398.9681 398.9843 398.9825 398.9358 398.8873 398.8874 398.9734 398.9711 398.9224 398.8455 398.8141 398.8148 398.7701 398.781 398.7882 398.7361 398.7043 398.7209 398.7555 398.782 398.8146 398.8793 398.9107 398.9282 398.962 399.0083 399.0708 399.1416 399.2123 399.2794 399.3366 399.3844 399.4461 399.5108 399.5817 399.674 399.7736 399.8827 399.997 400.1277 400.2478 400.3732 400.4806 400.5862 400.6878 400.7751 400.8735 400.969 401.0551 401.1357 401.2172 401.3106 401.3909 401.455 401.5231 401.5919 401.6786 401.6784
398.574 398.6664 398.6864 398.7 398.745 398.7632 398.7935 398.7209 398.4889 397.8542 397.3051 397.7038 398.3073 398.3889 398.2335 398.2608 398.4215 398.5385 398.5918 398.5248 398.4139 398.3972 398.4658 398.4162 398.4331 398.4182 398.4321 398.485 398.5487 398.626 398.6806 398.7418 398.8128 398.9026 398.9681 399.0357 399.0862 399.1277 399.1869 399.2636 399.3479 399.4514 399.5858 399.7259 399.8747 400.0283 400.1727 400.3062 400.4107 400.495 400.59 400.678 400.7658 400.8419 400.9236 400.9985 401.0927 401.1839 401.2598 401.3402 401.414 401.5072 401.5017
398.2908 398.1091 397.7775 397.6084 397.6974 397.7097 397.5567 397.1701 396.4399 395.2684 394.1483 394.5896 395.5548 395.7285 395.4604 395.3554 395.6662 396.3062 396.7456 396.2654 396.1096 396.2246 396.3427 396.4637 396.6514 397.0818 397.9019 398.2119 398.1884 398.171 398.2035 398.2961 398.3825 398.4712 398.5669 398.6389 398.7219 398.7888 398.8388 398.909 398.9949 399.0946 399.2162 399.3547 399.5218 399.6891 399.8383 400.005 400.1282 400.2481 400.3624 400.4621 400.5404 400.6144 400.6733 400.7691 400.8636 400.9471 401.0295 401.0816 401.1597 401.2639 401.2914
396.9374 396.1047 395.399 395.3444 395.5094 395.6129 395.4487 395.0455 394.4375 393.0723 391.5223 391.903 392.785 393.0263 392.569 392.3357 392.7257 393.6662 394.1906 393.5604 393.0688 393.3262 393.8054 394.1342 394.2085 394.5326 395.7953 397.1252 397.4911 397.5363 397.6446 397.8264 397.9183 397.9593 398.0375 398.1461 398.2498 398.3372 398.4149 398.5051 398.5972 398.7083 398.8607 399.0099 399.173 399.3403 399.5172 399.67 399.8055 399.9234 400.0443 400.164 400.2604 400.3533 400.4377 400.5345 400.6257 400.6991 400.7521 400.8353 400.934 400.9781 401.1112
394.343 393.6384 393.0229 392.8581 393.0336 393.1728 393.0185 392.5623 392.0265 390.7961 388.8571 388.9203 389.9403 390.1606 389.6483 389.2455 389.7781 390.4858 391.0157 390.8322 390.154 390.1341 390.1766 390.3356 391.1116 391.8849 393.0595 394.2614 395.0084 394.9123 395.1969 396.1689 396.9467 397.0505 397.0965 397.2617 397.4145 397.5738 397.7011 397.8206 397.9436 398.0647 398.2281 398.4401 398.6485 398.8542 399.0582 399.2349 399.3846 399.5294 399.6445 399.7389 399.8263 399.9152 399.9939 400.0802 400.1762 400.2769 400.3491 400.4272 400.5257 400.5471 400.783
392.3943 391.6523 391.0243 390.645 390.8141 391.0433 390.9696 390.5192 389.9553 388.8657 386.8168 386.3799 387.7188 388.0032 387.5848 387.1803 387.4352 388.0467 388.4692 388.2784 387.6182 386.8245 386.5793 386.7753 387.6376 389.1785 390.2411 391.5278 392.4154 392.3375 392.5621 394.2394 395.555 396.0315 396.0247 396.1327 396.3271 396.5171 396.722 396.9405 397.1626 397.3651 397.5699 397.782 398.0255 398.2871 398.5179 398.7275 398.8978 399.0416 399.1899 399.3087 399.3885 399.4692 399.5612 399.638 399.7299 399.8182 399.8867 399.9995 400.044 400.185 400.4101
389.8746 389.1613 388.4897 388.2535 388.4287 388.7051 388.5975 388.1282 387.471 386.3522 384.2056 384.0418 385.3355 385.4167 385.1762 385.0014 385.3123 385.6349 386.0892 385.7881 384.2754 383.8828 384.3921 384.8805 385.7726 386.757 387.8578 389.2736 389.744 389.7189 390.5161 392.7744 394.2913 394.9727 395.06 395.1667 395.3404 395.5363 395.6336 395.848 396.0682 396.3016 396.5787 396.8573 397.2063 397.538 397.858 398.1026 398.3222 398.475 398.6131 398.7231 398.8156 398.8894 398.9817 399.0715 399.162 399.2455 399.3171 399.4138 399.4884 399.6927 399.2571
387.4344 386.7032 386.1815 385.82 386.2314 386.6338 386.5866 386.1284 385.3781 384.189 382.1278 381.841 383.0148 383.2872 383.0191 382.7381 383.0728 383.2401 383.52 382.8611 382.4672 382.7876 382.762 383.2856 383.4596 384.3354 385.841 386.9638 387.1618 387.5187 389.0552 391.0739 392.6192 393.5728 393.8837 394.0789 394.2284 394.502 394.6156 394.7648 394.9564 395.1866 395.5326 395.8759 396.2527 396.5949 396.9109 397.2096 397.4642 397.6726 397.8391 397.9553 398.0562 398.144 398.2222 398.3299 398.4156 398.4958 398.563 398.6415 398.6869 398.3787 397.4909
385.1818 384.28 384.2153 383.9332 384.0099 384.1643 384.1116 383.6254 382.8091 381.979 380.1805 379.0971 380.2841 380.5974 380.543 380.3748 380.6422 380.6369 380.7703 380.7867 380.5475 380.6237 381.0514 381.7174 381.972 382.5152 383.7992 384.7402 384.8461 385.628 387.2938 388.6157 389.892 391.0634 391.8756 392.5597 393.0334 393.0864 393.1721 393.1659 392.8567 393.0274 393.7019 394.2999 395.3837 395.7509 395.9986 396.2355 396.4365 396.602 396.7366 396.8213 396.8916 396.9359 396.9928 397.0947 397.2244 397.3178 397.4023 397.4611 397.2625 395.9929 395.4989
383.6935 382.8683 382.332 381.8845 381.9507 381.9836 381.6707 381.2244 380.4822 379.7888 378.474 376.9064 377.9127 378.2216 378.4416 378.3351 378.5689 378.7105 378.9118 379.2646 379.2365 379.2144 379.3055 379.8311 380.3376 380.9731 381.9306 383.0112 383.1017 383.8178 385.3348 386.532 387.7598 388.7818 389.7146 390.4354 391.248 391.3429 390.9821 390.7952 390.9123 391.4848 392.2224 393.2533 394.2221 394.697 394.9403 395.2211 395.543 395.7057 395.8454 395.9006 395.849 395.8362 395.8664 395.9274 396.0193 396.1261 396.3267 396.3669 395.5071 394.115 393.7874
382.9785 381.8867 381.1793 379.8293 379.6628 379.6827 378.9189 378.5675 377.7267 377.3727 376.1347 375 375.4161 375.6891 376.2715 376.1153 376.5294 376.7367 376.8118 377.3555 377.9123 378.0562 378.2985 378.6536 379.1757 379.3168 379.8918 381.0016 381.1121 381.9004 383.4153 384.4824 385.6349 386.787 387.8358 388.6826 389.5554 389.7835 388.8224 388.6746 389.0335 389.8912 391.0176 392.1976 392.9252 393.3508 393.7111 393.9805 394.2468 394.4694 394.5758 394.6894 394.679 394.591 394.5932 394.4768 394.6121 394.7899 395.1757 395.001 393.7943 392.5131 392.3159
381.2178 379.5964 378.5561 376.731 376.314 376.9381 376.3054 375.6971 374.8446 374.2327 373.4015 372.6744 373.2379 373.1651 373.821 373.787 374.2357 374.4668 375.0529 375.8486 376.2487 376.3999 376.694 377.185 377.4292 377.3554 378.3377 379.1345 378.7948 380.1767 381.6482 382.6245 383.7337 384.9332 385.8882 387.0828 387.874 387.993 387.3042 387.1717 387.4493 388.5567 389.9856 390.8674 391.466 391.9673 392.3578 392.675 392.9852 393.1788 393.3514 393.4471 393.3851 393.292 392.8671 392.5982 392.755 393.2002 392.8171 392.2316 391.6818 390.8836 390.6831
379.2381 377.5931 376.2065 374.457 373.7813 374.3892 374.4594 373.5432 372.6068 371.859 371.1192 370.7672 370.9682 371.3188 371.8288 372.0462 372.409 372.728 373.2755 374.2859 374.763 374.7004 374.8714 375.099 375.2168 375.7259 377.1271 377.4954 376.991 378.5781 380.1186 381.1772 382.2199 383.4089 384.4845 385.7685 386.4031 386.4224 385.9568 386.1784 386.5687 387.6795 388.8236 389.5195 390.1163 390.6826 391.0794 391.4844 391.7988 392.0669 392.2594 392.3513 392.3365 392.2533 391.8786 391.4615 391.5487 392.0169 391.24 390.4727 390.1111 389.8836 389.665
376.8676 375.428 374.673 373.0794 371.6773 371.7646 372.0847 371.3068 369.8831 369.2907 369.0629 369.0874 369.0475 369.332 369.6371 369.8991 370.1243 370.5423 371.0898 371.538 371.9378 371.7935 372.393 373.3585 373.7696 374.1228 374.974 375.2714 375.2147 376.8836 378.0398 379.3024 380.219 381.4268 382.9221 384.1689 384.6757 384.5215 384.5333 384.9094 385.8743 386.6623 387.3401 387.8456 388.5214 388.9863 389.4744 389.9553 390.2322 390.5517 390.7345 390.8698 390.8943 390.8752 390.6476 390.1477 389.7107 390.0037 389.3602 388.8004 388.5153 388.5834 388.7263
374.9766 373.9908 373.8076 372.1402 370.3852 369.9754 370.1217 369.3334 368.1428 367.6703 367.7206 367.7398 367.6931 367.8044 368.1075 368.3819 368.5658 368.9319 369.442 369.9844 370.5695 370.9073 371.0605 372.1194 372.4151 372.5584 373.0095 373.6024 373.8753 375.4001 376.5967 377.2262 378.3531 380.2368 381.6803 382.9317 383.346 383.2188 383.5257 384.2244 385.2256 385.4748 385.9166 386.513 387.1667 387.6518 388.1648 388.5806 388.8819 389.1723 389.3974 389.583 389.5927 389.4699 389.2734 388.8951 388.6381 388.5399 388.0927 387.5996 387.4255 387.1904 387.4711
372.8431 372.1286 371.951 370.6795 369.11 368.2806 367.8499 367.0597 366.3602 366.3141 366.3665 366.5184 366.344 366.3578 366.5043 366.7735 366.9284 367.1234 367.6194 368.3168 369.0246 369.6123 369.5658 370.2466 370.806 370.6066 370.9876 371.5842 372.2843 373.8576 374.2959 375.091 376.9857 378.963 380.2398 381.2742 382.0489 382.32 382.6177 383.1768 383.7878 384.0885 384.5426 385.0459 385.6369 386.1573 386.6244 387.0528 387.3738 387.6885 387.8891 388.0456 388.059 387.983 387.7997 387.5294 387.12 386.8153 386.7521 386.19 385.9861 385.7289 385.9056
370.6039 370.2371 369.959 369.5833 368.251 367.1712 366.272 365.5577 365.414 365.3662 365.3508 365.1995 365.0878 365.2512 365.4344 365.5873 365.7918 365.9843 366.4723 366.8825 367.5706 368.14 368.1596 368.2227 368.6903 368.8434 369.5382 370.2988 371.0215 371.7899 372.5569 374.1076 375.67 377.3396 378.6647 379.7088 380.6355 381.2549 381.6286 381.9719 382.5889 382.9486 383.3047 383.703 384.1994 384.6958 385.1872 385.5718 385.9348 386.1842 386.4411 386.6033 386.6196 386.5595 386.4422 386.268 385.7909 385.3576 385.5303 385.2221 384.4292 384.2843 384.5423
368.4969 368.419 368.4372 367.4671 366.4963 365.6559 365.0879 364.6147 364.3338 364.2213 364.124 364.0258 363.9572 363.9986 364.1254 364.3692 364.6166 364.9579 365.3809 365.8915 366.4301 366.9075 366.9921 366.95 367.1628 367.653 368.3971 369.148 369.7048 370.2664 371.3353 372.8248 374.2606 375.7064 376.665 378.1209 379.3089 380.0831 380.7799 381.1739 381.547 381.9572 382.2325 382.5916 383.0128 383.4581 383.8506 384.2377 384.6505 384.9179 385.1384 385.3572 385.3798 385.279 385.1678 385.1356 384.7541 384.2681 384.3263 384.0464 383.2519 382.925 383.0384
366.5898 366.2958 366.3077 365.84 365.1457 364.5097 364.1332 363.9055 363.7009 363.5805 363.4744 363.3465 363.2292 363.1838 363.2418 363.4263 363.6904 364.0449 364.4984 364.9843 365.4025 365.6784 365.8799 365.8859 366.1642 366.69 367.2689 367.7411 368.3464 368.9345 369.8689 371.4326 373.2267 374.3318 375.3136 376.638 378.1206 379.0352 379.9987 380.1933 380.59 381.0717 381.2329 381.5072 381.8772 382.3031 382.6108 383.0157 383.3477 383.6671 383.8773 384.0378 384.0569 383.9626 383.9227 383.886 383.4868 382.9762 382.9572 382.7872 382.2006 381.7079 381.6058
364.843 364.6144 364.5212 364.4002 364.0025 363.4982 363.3351 363.2067 363.0446 362.93 362.7909 362.6514 362.5551 362.5069 362.5395 362.6634 362.8568 363.1431 363.549 364.043 364.4243 364.6799 364.8026 364.9106 365.1993 365.5947 366.052 366.3644 367.0886 368.031 368.8578 370.2003 371.7796 373.2521 374.7881 376.1742 377.4502 378.4473 379.0001 378.9488 379.7077 380.1121 380.229 380.4216 380.7384 381.0905 381.4571 381.7393 382.0709 382.3341 382.5432 382.6773 382.7465 382.6581 382.6345 382.5972 382.203 381.7876 381.3976 381.1387 380.8658 380.7103 380.7238
363.4836 363.209 363.0735 363.1714 363.0526 362.6534 362.5956 362.5405 362.3879 362.249 362.0266 361.8826 361.7854 361.7833 361.874 362.032 362.2127 362.4187 362.6958 363.0481 363.3723 363.6497 363.8622 364.0456 364.2682 364.5229 364.8293 365.2112 365.7186 366.716 368.0684 369.5291 371.0864 373.1264 374.929 376.4888 377.1161 377.4927 377.4111 377.4568 378.6993 379.1076 379.218 379.3861 379.6236 379.885 380.2618 380.4749 380.7385 380.9904 381.1822 381.3406 381.3222 381.2686 381.3158 381.3528 381.1447 380.8996 380.6499 380.407 379.9638 379.6033 379.3539
362.2699 361.9768 361.8326 361.9172 361.9301 361.8986 361.968 361.9951 361.8412 361.6143 361.4092 361.3041 361.226 361.1964 361.2012 361.364 361.6499 361.8779 362.108 362.3708 362.6767 362.9761 363.2325 363.405 363.5458 363.743 364.0064 364.3342 364.7537 365.5223 366.9977 368.6123 370.7477 372.4817 374.4109 375.6295 376.0647 376.4806 375.9085 376.2036 377.6413 378.4053 378.3539 378.5097 378.7253 378.9297 379.1902 379.4445 379.644 379.7719 379.9084 380.0432 380.0069 380.0207 380.0773 380.1217 380.1006 379.9776 379.8236 379.68 379.3185 378.9992 378.7925
