testcase/data/dem_fill5.txt
ncols         262 
nrows         133 
xllcorner     4472949 
yllcorner     5543742 
cellsize      5 
NODATA_value  -9999 
[rows 0 to 27 of 133, columns 126 to 188 of 262]
385.1965 385.6791 386.1591 386.635 387.0902 387.519 387.9122 388.2729 388.6036 388.8569 389.1414 389.5247 389.8522 390.2712 390.7778 391.2574 391.6755 392.0404 392.396 392.6848 393.0202 393.388 393.6165 393.811 394.0711 394.4123 394.7803 395.1292 395.4615 395.7388 395.9888 396.2507 396.4932 396.7061 396.8462 397.1008 397.4648 397.4682 397.584 397.7324 397.894 398.0423 398.1882 398.314 398.4236 398.5384 398.6455 398.7487 398.8252 398.8997 398.9793 399.0492 399.114 399.1772 399.225 399.2764 399.3376 399.3932 399.4267 399.4519 399.4744 399.492 399.5354
384.8956 385.3632 385.8238 386.2834 386.7328 387.155 387.5632 387.9607 388.2967 388.5194 388.8156 389.1198 389.3873 389.6553 389.9915 390.6138 391.039 391.3943 391.6233 391.4557 392.135 392.8305 393.1435 393.3753 393.6289 393.9897 394.3559 394.7132 395.0618 395.3979 395.7268 396.0341 396.2811 396.5059 396.7435 397.1124 397.3456 397.383 397.5068 397.652 397.8203 397.965 398.1034 398.2321 398.3486 398.4724 398.586 398.6884 398.7785 398.8503 398.9098 398.9791 399.0372 399.0966 399.1595 399.2076 399.2549 399.301 399.3369 399.3602 399.3932 399.4297 399.4746
384.4694 384.9572 385.4153 385.8604 386.2914 386.7026 387.1089 387.5003 387.8683 388.0945 388.4251 388.6875 388.9189 389.0899 389.2503 389.7215 390.2547 390.1713 389.7518 389.677 390.9484 392.0331 392.5038 392.8264 393.1164 393.496 393.8761 394.2864 394.6581 395.0089 395.3457 395.6572 395.95 396.2513 396.549 396.8701 397.0652 397.1978 397.311 397.4557 397.6068 397.7542 397.8991 398.0285 398.1668 398.3086 398.4313 398.5266 398.6362 398.7133 398.8008 398.8792 398.9511 399.0153 399.0704 399.1356 399.1825 399.2271 399.2663 399.3028 399.3372 399.3657 399.4159
383.9752 384.4537 384.9144 385.3659 385.7979 386.2281 386.6319 387.0108 387.3605 387.606 387.929 388.1148 388.2462 388.2965 388.4014 388.7765 388.7558 388.3365 387.7682 388.5219 390.3598 391.0573 391.7608 392.2122 392.5765 392.9815 393.4293 393.857 394.2678 394.6471 394.9991 395.3263 395.6235 395.9166 396.1854 396.4868 396.7227 396.9198 397.0974 397.261 397.407 397.5543 397.7075 397.852 398.0137 398.1547 398.2784 398.3958 398.5045 398.5844 398.6702 398.7558 398.8237 398.9077 398.9768 399.0283 399.0878 399.1377 399.1778 399.211 399.2401 399.2874 399.3308
383.4303 383.8932 384.3549 384.7977 385.2289 385.6558 386.0648 386.4409 386.744 386.9887 387.2318 387.336 387.2898 387.1861 387.1162 387.0999 386.5298 385.6439 385.5851 387.7169 389.4976 389.8959 390.6565 391.4644 391.9809 392.397 392.8871 393.3896 393.8553 394.2753 394.6411 394.9784 395.2909 395.5972 395.8789 396.1444 396.374 396.5956 396.7892 397.0031 397.2038 397.3731 397.5178 397.668 397.8259 397.9814 398.0993 398.2208 398.336 398.4215 398.515 398.5989 398.6889 398.7495 398.812 398.87 398.9207 398.9672 399.0107 399.0549 399.0963 399.1384 399.1769
382.9911 383.4149 383.8433 384.2818 384.7288 385.1617 385.552 385.8951 386.1469 386.3546 386.5285 386.5599 386.4097 386.1848 385.7847 385.2728 384.4974 383.6646 385.1107 387.4322 388.3197 388.3105 389.2088 390.7018 391.4347 391.9272 392.3582 392.9001 393.425 393.894 394.2756 394.6305 394.9779 395.3014 395.5914 395.8482 396.0703 396.2836 396.4918 396.7021 396.928 397.127 397.3264 397.5159 397.6754 397.8306 397.9583 398.0659 398.1862 398.2849 398.3838 398.4676 398.5479 398.629 398.6963 398.7414 398.7813 398.825 398.866 398.9131 398.9604 398.9962 399.0421
382.457 382.903 383.3365 383.7307 384.1329 384.535 384.9116 385.2496 385.4439 385.6012 385.5983 385.5296 385.3777 385.0717 384.3423 383.1009 382.3392 382.1676 384.7122 386.3965 386.2035 386.4342 388.1024 389.7659 390.7388 391.37 391.8072 392.2717 392.8085 393.3088 393.76 394.1429 394.4978 394.8535 395.1726 395.4454 395.6904 395.9286 396.1567 396.39 396.62 396.8357 397.0472 397.2491 397.4457 397.6194 397.7748 397.9091 398.0268 398.1111 398.188 398.2692 398.3417 398.4233 398.4901 398.5289 398.5672 398.6144 398.6683 398.7096 398.7495 398.7786 398.8028
382.0017 382.4283 382.8598 383.2908 383.6714 383.9709 384.3309 384.6853 384.8222 384.8994 384.8145 384.6557 384.474 384.1485 383.0094 381.2932 380.3756 380.956 383.781 384.7162 384.4404 385.6995 387.5582 388.7638 390.0504 390.8232 391.3571 391.7597 392.2654 392.7972 393.2628 393.6781 394.0323 394.3835 394.7226 395.0352 395.2981 395.5587 395.8214 396.0843 396.3244 396.5685 396.7973 397.0047 397.2107 397.3759 397.5191 397.666 397.7758 397.8845 397.9948 398.1087 398.1849 398.2245 398.261 398.3044 398.3381 398.3916 398.4516 398.4895 398.5168 398.5694 398.5414
381.5412 381.9659 382.3889 382.7849 383.148 383.4625 383.7812 384.006 384.0203 383.9763 383.8103 383.5992 383.412 383.0552 381.4389 379.6223 378.6965 379.7442 382.0962 382.5809 383.242 384.9079 386.5408 387.556 388.6747 389.8682 390.7023 391.283 391.7328 392.2102 392.6631 393.1167 393.5339 393.8995 394.2209 394.5396 394.8441 395.1288 395.3994 395.6851 395.9514 396.1995 396.4482 396.6666 396.8863 397.0892 397.2534 397.389 397.5095 397.6195 397.7343 397.8344 397.9244 398.0009 398.0643 398.1056 398.122 398.1443 398.173 398.1955 398.2431 398.2907 398.2896
381.0991 381.5409 381.9704 382.3623 382.7169 383.0464 383.2386 383.294 383.2161 383.0042 382.7292 382.5056 382.3072 382.0623 380.6944 378.5996 377.6682 378.6469 379.6998 380.6837 382.4464 384.2661 385.5078 386.5056 387.487 388.5226 389.673 390.5749 391.2103 391.714 392.1442 392.5729 393.0075 393.385 393.7312 394.0653 394.3957 394.7072 395.0196 395.313 395.6089 395.8683 396.1151 396.3496 396.56 396.7554 396.9231 397.0757 397.2077 397.3271 397.4274 397.5307 397.6154 397.6828 397.7315 397.7784 397.7946 397.8018 397.8356 397.9029 397.9289 397.9167 397.6708
380.6454 381.103 381.5332 381.9203 382.2662 382.5423 382.5901 382.4989 382.3057 381.9606 381.6166 381.3672 381.0982 380.9338 380.0714 377.8552 376.3079 376.3694 377.1403 379.5909 381.7476 383.2087 384.28 385.2804 386.214 387.0592 387.9961 389.1358 390.191 390.9442 391.5706 392.0503 392.4576 392.8401 393.1766 393.5012 393.8488 394.1903 394.5169 394.8223 395.1129 395.3984 395.6665 395.9265 396.1595 396.357 396.523 396.6609 396.7918 396.9054 397.0209 397.098 397.1768 397.2312 397.2832 397.3141 397.2827 397.3348 397.4131 397.3896 397.2029 396.3902 395.2471
380.2592 380.7265 381.1384 381.5088 381.8597 382.035 382.0169 381.7455 381.4059 380.9924 380.6627 380.4354 380.0738 379.9156 379.2748 377.3972 375.1384 374.956 376.3605 379.2122 381.1671 382.3445 383.2447 384.2012 385.0534 385.8709 386.8008 387.812 388.9205 389.9082 390.7704 391.5443 392.0591 392.4622 392.791 393.1127 393.4341 393.7329 394.0568 394.3695 394.6664 394.9744 395.2589 395.5179 395.7544 395.9593 396.1454 396.294 396.416 396.5308 396.6218 396.6995 396.7616 396.7937 396.8305 396.8351 396.857 396.9284 396.882 396.4845 395.5116 394.3015 393.2231
379.8555 380.3329 380.7196 381.0561 381.3626 381.4219 381.321 380.8995 380.4449 379.9707 379.6772 379.4158 379.061 378.851 378.3705 377.018 374.5015 374.0959 376.3124 378.6962 380.1611 381.2309 382.2201 383.0539 383.7968 384.6377 385.6308 386.5713 387.4512 388.222 389.4201 390.6665 391.3494 391.8462 392.3179 392.694 393.0174 393.2714 393.5768 393.9034 394.1731 394.4382 394.7124 394.9882 395.2252 395.4413 395.6221 395.7768 395.8994 396.018 396.0834 396.1252 396.1327 396.1564 396.1674 396.2146 396.2908 396.2558 395.7269 394.3496 393.152 392.0357 390.8195
379.5086 379.9374 380.3077 380.6758 380.8884 380.8927 380.6888 380.1752 379.6651 379.1691 378.8879 378.5589 378.2133 377.921 377.3455 375.9828 373.5604 373.5066 375.6792 378.0253 379.2138 380.2052 381.1853 382.0604 382.9832 383.9696 384.9365 385.7178 386.5692 387.5216 388.6949 389.729 390.6878 391.2241 391.6741 392.0919 392.5163 392.858 393.2146 393.5143 393.7956 394.045 394.2999 394.5161 394.7275 394.9312 395.0994 395.2451 395.3746 395.4789 395.5464 395.5789 395.5708 395.5613 395.6171 395.7104 395.7043 395.4525 394.2216 392.3861 390.9098 389.7088 388.5058
379.0118 379.4316 379.7942 380.1342 380.2325 380.1828 379.8902 379.3307 378.7837 378.2735 377.9094 377.3701 377.0198 376.5569 375.6589 374.3996 372.2425 372.2325 374.8688 377.0824 377.9444 379.0504 379.8842 380.9668 382.0287 383.1494 384.2144 384.9698 385.7245 386.7529 387.7886 388.7244 389.7037 390.3608 390.9029 391.3848 391.8119 392.1252 392.4504 392.806 393.2374 393.6169 393.8764 394.0633 394.2106 394.3556 394.4675 394.5815 394.7124 394.8013 394.8278 394.8628 394.862 394.9323 395.024 394.9891 394.8086 394.0741 392.7201 390.7131 388.6365 387.1438 386.0992
378.5424 378.9586 379.3145 379.5462 379.587 379.4643 379.1485 378.5928 378.0318 377.4723 377.0371 376.4067 375.8834 374.7607 373.3935 372.1297 370.8824 371.6131 374.3496 376.0839 376.9316 377.7702 378.768 380.1225 381.2169 382.2022 383.0534 383.9626 384.7111 385.6398 386.5697 387.6105 388.6208 389.3654 390.0241 390.5801 391.0779 391.4615 391.7939 392.1022 392.4046 392.7608 393.172 393.4849 393.7222 393.8896 393.9897 394.0567 394.1436 394.1993 394.1918 394.2342 394.3218 394.3978 394.3339 394.1617 393.5383 392.4938 391.1286 389.2314 387.2556 385.9621 384.616
377.9835 378.3852 378.7102 378.8056 378.7841 378.5817 378.2643 377.7552 377.1562 376.5579 376.0641 375.4541 374.7943 373.1878 371.243 369.9485 370.2088 372.378 374.447 375.1543 375.7112 376.8625 378.0616 379.14 380.0822 380.8615 381.6373 382.6768 383.3293 384.2375 385.1208 386.4765 387.5795 388.362 389.0355 389.5552 390.0481 390.5109 390.9643 391.3028 391.696 391.9247 392.139 392.4202 392.7263 393.0894 393.4413 393.6228 393.6599 393.7067 393.754 393.797 393.817 393.6845 393.1782 392.539 391.8195 390.79 389.3925 387.9857 386.6383 384.8271 383.7066
377.2745 377.694 377.8831 377.9202 377.8162 377.6046 377.1924 376.6915 376.0302 375.4212 374.94 374.2801 373.4172 371.6921 369.9414 369.2941 370.9861 372.5345 373.3661 373.994 374.9316 376.1896 377.1331 377.7904 378.4187 379.0602 380.1094 381.1254 381.9417 382.4118 383.4865 384.9776 385.6893 386.3432 386.9728 387.5202 387.6593 388.0244 388.5771 389.1533 390.0319 390.8111 391.1352 391.3166 391.4626 391.6784 391.9622 392.2911 392.6166 392.8865 393.0613 393.1261 392.9587 392.2401 390.5621 389.7915 389.5258 388.6987 387.6004 386.6996 385.4861 383.9801 382.8633
376.6039 376.9568 377.0811 377.0515 376.8818 376.5933 376.1613 375.6841 375.0282 374.3817 373.8975 373.2162 372.1739 370.5226 369.0371 368.8922 370.5762 371.5109 372.3133 373.0553 374.1859 375.2953 376.0847 376.6594 377.0736 377.6335 378.4239 379.3587 380.2387 380.9766 382.3472 383.5534 383.9036 384.4238 384.8951 385.5496 385.4707 385.7513 386.1463 386.7747 388.4738 389.5822 389.8532 390.1996 390.4687 390.576 390.7844 391.0676 391.294 391.5472 391.7151 391.8085 391.5667 390.6285 388.9263 387.5151 387.2829 386.8849 385.9595 384.9332 384.0991 382.3203 380.9842
375.6573 375.8834 375.9861 375.9009 375.6904 375.3456 374.9453 374.502 373.8392 373.2287 372.7483 372.0522 370.8347 369.2399 367.9874 368.2031 369.7816 370.4819 371.2195 371.8023 372.8445 373.7846 374.4964 375.1243 375.6329 376.3916 376.9029 377.384 378.1719 379.7768 380.9779 381.7791 382.0602 382.3835 382.7684 383.3416 383.0134 383.2056 382.8262 384.2462 386.695 387.8065 388.2104 388.4221 388.8056 389.2306 389.3759 389.5874 389.8269 390.065 390.2178 390.1706 389.6549 388.786 387.6747 385.7246 384.6964 384.4689 383.6938 382.2392 380.9462 379.4284 378.0844
374.5905 374.7673 374.7966 374.7261 374.5448 374.26 373.863 373.4356 372.7883 372.187 371.7088 371.0527 369.8777 368.3852 367.2534 367.644 368.9058 369.6106 370.188 370.7081 371.4778 372.2333 373.0519 373.7293 374.376 375.2497 375.6613 376.2124 377.5143 378.7702 379.6993 380.1059 380.7672 380.6075 381.3987 381.5757 380.8332 380.55 380.4481 382.8588 385.1115 385.9362 386.432 386.6679 387.0967 387.5398 388.0892 388.363 388.6266 388.8598 389.0024 388.9231 388.4046 387.5019 386.5134 384.512 381.9408 381.1547 380.8429 379.7593 378.4409 377.3101 376.1312
373.089 373.2466 373.3127 373.2769 373.1255 372.8113 372.4919 372.1142 371.5456 370.9928 370.5143 369.9314 368.9413 367.616 366.4654 366.9459 367.7631 368.277 368.8935 369.3723 369.9516 370.5816 371.3316 372.1344 373.1724 373.8771 373.9919 375.0722 376.3157 377.1775 377.719 377.4594 378.3864 377.9916 378.9901 379.2515 378.402 377.4136 378.4569 381.1631 382.4578 383.0834 384.0545 384.8631 385.2583 385.6491 386.1445 386.5724 386.963 387.2177 387.3883 387.3061 386.7963 385.4106 383.9066 382.1852 379.8439 377.6696 377.256 376.924 376.0138 374.9346 373.8529
371.6667 371.8182 371.9041 371.899 371.7929 371.5011 371.2447 370.8744 370.438 369.9551 369.4701 368.9435 368.2285 367.0858 365.9324 366.5699 367.2047 367.5181 367.7554 368.1086 368.6945 369.3747 370.1355 371.1169 372.0905 372.2959 372.9812 374.0714 374.8751 375.5272 375.8658 375.4895 375.9844 375.7263 376.1961 376.8396 376.2149 375.5155 377.3331 379.3996 380.1165 380.6882 381.7636 382.7466 383.4744 384.0778 384.4447 385.0419 385.4379 385.6985 385.896 385.8033 384.7878 383.1108 381.4474 379.7168 378.1065 375.8138 374.4489 374.449 373.7104 372.524 371.5248
369.9305 370.0261 370.1167 370.1147 370.0287 369.8302 369.6201 369.2973 368.9861 368.647 368.2108 367.6889 367.0788 366.293 365.4983 366.1967 366.5565 366.7524 366.9095 367.1946 367.5378 368.0593 368.9463 369.9808 370.4211 370.7952 371.9388 372.4408 373.0768 373.5241 373.5817 373.3746 373.6375 373.745 373.8105 374.5067 374.1125 373.983 376.0717 377.1171 377.8837 378.5703 379.0197 379.8619 380.8331 381.6525 382.2719 383.041 383.5157 383.9022 384.0588 383.5959 381.6832 379.762 378.788 377.3643 375.7535 374.0686 372.423 371.6463 371.0251 370.0381 369.0316
368.2578 368.3218 368.3855 368.4114 368.3787 368.21 368.0402 367.7946 367.5291 367.2728 366.9318 366.4934 365.9848 365.4814 365.1724 365.796 365.9637 366.0103 366.1057 366.3505 366.7425 367.2488 367.6776 368.2205 368.8852 369.7397 370.5784 370.9521 371.4155 371.6726 371.642 371.6245 371.8088 372.1796 371.8926 372.4725 372.3319 372.5934 374.1494 375.1201 375.8725 376.5542 377.007 377.6903 378.8418 379.5565 380.4535 381.1326 381.644 382.07 381.8624 381.201 379.5052 377.1617 376.3767 374.9491 373.476 372.1099 370.7038 369.8233 368.9759 368.1176 367.2509
366.4845 366.5171 366.5936 366.6689 366.6448 366.5227 366.4404 366.3249 366.1586 365.9832 365.7438 365.4402 365.1216 364.7746 364.6608 365.3404 365.4672 365.32 365.298 365.4296 365.7399 366.1797 366.6022 366.9019 367.2026 367.991 368.6814 369.108 369.3221 369.5143 369.3669 369.3951 369.6146 370.0426 369.974 370.235 370.3733 370.9518 372.0118 372.8969 373.6283 374.2293 374.8268 375.615 376.6994 377.606 378.4988 379.2153 379.7465 380.0529 379.595 378.4414 377.1379 374.9431 373.7131 372.504 371.2091 370.048 368.7566 367.9212 367.0955 366.1848 365.3282
364.9 364.85 364.8782 364.9751 365.0148 365.0088 365.0055 365.0107 364.9203 364.7896 364.633 364.4888 364.2979 364.0737 363.8328 364.3616 364.7565 364.6208 364.6077 364.6551 364.806 365.1195 365.4869 365.8223 366.2396 366.5976 366.8687 367.1226 367.2892 367.3037 367.3307 367.4085 367.6483 367.8698 368.1506 368.3587 368.7648 369.037 369.8503 370.7067 371.5272 372.4383 373.0129 373.6104 374.7909 375.7616 376.5367 377.3687 377.938 378.094 377.523 376.3992 374.8605 373.1611 371.7398 370.479 369.1823 367.8925 366.9041 366.1773 365.4622 364.6795 363.9841
363.4456 363.4429 363.4502 363.5041 363.5532 363.6241 363.6743 363.6742 363.6497 363.5842 363.5163 363.4836 363.4228 363.3181 363.1213 362.9751 363.3249 363.4597 363.537 363.7041 364.0403 364.2847 364.5611 364.8746 365.211 365.483 365.6672 365.8028 365.8804 365.8127 365.9664 366.1475 366.3557 366.5895 366.8594 367.0487 367.2009 367.3229 367.8556 368.4774 369.239 370.1776 370.7969 371.2154 372.8772 373.7533 374.6105 375.5164 376.0641 376.0182 375.3504 374.2562 372.6989 371.2092 369.9592 368.8136 367.4016 366.0938 365.2372 364.7195 364.1299 363.4157 362.768
