testcase/data/dem_fill5.txt
ncols         262 
nrows         133 
xllcorner     4472949 
yllcorner     5543742 
cellsize      5 
NODATA_value  -9999 
[rows 84 to 111 of 133, columns 0 to 62 of 262]
375.5572 375.4756 375.1004 374.8018 374.5442 374.2903 373.9985 373.6563 373.3407 373.0078 372.7151 372.4384 372.1349 371.8073 371.5246 371.286 371.0096 370.6799 370.3266 369.9609 369.5748 369.2121 368.891 368.5851 368.2772 367.9774 367.7014 367.3858 367.0493 366.675 366.2234 365.7394 365.2165 364.8106 364.5935 364.3741 364.1476 363.9173 363.6855 363.4427 363.127 362.5188 362.2714 362.3267 362.033 361.8226 362.4568 362.6444 363.2161 363.9322 364.7712 365.3301 365.6174 365.9912 366.2517 366.2426 366.4632 366.6388 366.7496 366.8293 366.9016 366.9502 366.9762
375.7281 375.6487 375.3676 375.0135 374.7402 374.4731 374.1822 373.8252 373.508 373.164 372.8484 372.5712 372.2786 371.9513 371.6252 371.3629 371.0668 370.7204 370.3537 369.9798 369.6036 369.2286 368.9156 368.614 368.2955 367.9747 367.6713 367.3357 366.949 366.473 366.0161 365.608 365.2124 364.8927 364.6806 364.4673 364.2583 364.0691 363.8221 363.5101 362.9168 362.7862 362.6624 362.495 362.3799 362.045 362.2124 362.7606 363.3039 363.986 364.838 365.482 365.8042 366.2391 366.4459 366.417 366.6371 366.8162 366.9403 367.0299 367.11 367.164 367.1984
376.0049 375.7538 375.5952 375.2061 374.9042 374.6255 374.3205 373.975 373.6178 373.2836 372.9509 372.6544 372.3682 372.0578 371.6914 371.3909 371.0888 370.7316 370.3699 370.0027 369.6445 369.2737 368.942 368.6341 368.3073 367.9467 367.5699 367.1028 366.5522 366.2007 365.932 365.6386 365.3164 365.0238 364.8099 364.6172 364.4224 364.1689 363.8642 363.2643 363.2043 363.0531 362.8369 362.6645 362.6489 362.2633 362.1495 362.7954 363.413 364.0847 364.809 365.4902 365.9327 366.3202 366.5196 366.5356 366.7804 366.9691 367.0957 367.1986 367.2998 367.3626 367.4146
376.3011 375.8579 375.7522 375.4054 375.0699 374.7688 374.4384 374.1028 373.7301 373.3871 373.0327 372.7165 372.4283 372.1163 371.7556 371.3907 371.0785 370.7361 370.38 370.0236 369.6677 369.3165 368.9778 368.6341 368.2581 367.8262 367.3202 366.7717 366.4301 366.1866 365.9453 365.7361 365.4474 365.1594 364.9426 364.7616 364.5573 364.2188 363.6558 363.5551 363.352 363.1282 362.9116 362.7832 362.714 362.1495 362.3894 362.8859 363.5154 364.2106 364.759 365.3246 365.9662 366.4045 366.5732 366.6578 366.9182 367.121 367.2449 367.3538 367.4753 367.5475 367.6183
376.5623 376.0165 375.821 375.641 375.2284 374.9036 374.5619 374.2188 373.8392 373.4698 373.1142 372.7686 372.4666 372.1703 371.8167 371.4088 371.0566 370.7253 370.3868 370.0461 369.6908 369.3482 368.9802 368.5699 368.1062 367.5607 367.1004 366.7146 366.4251 366.2379 366.055 365.8471 365.5534 365.2996 365.0943 364.8564 364.5172 364.1241 364.0135 363.7572 363.3931 363.1021 362.9478 362.8704 362.7874 362.2352 362.1495 362.9594 363.6253 364.23 364.7099 365.3086 365.9573 366.3988 366.6093 366.7639 367.0276 367.2502 367.382 367.5138 367.6566 367.7361 367.8254
376.8131 376.2528 375.9238 375.82 375.4227 375.0461 374.6972 374.3331 373.9615 373.5609 373.2022 372.8353 372.4937 372.1891 371.8625 371.4575 371.0441 370.6979 370.3734 370.0403 369.6831 369.3147 368.9019 368.3905 367.8405 367.4059 367.116 366.7775 366.5157 366.3442 366.196 366.0065 365.7232 365.5197 365.2867 364.8077 364.4766 364.5455 364.2288 363.8689 363.431 363.1439 363.0009 362.9533 362.8614 362.5948 362.1495 362.829 363.6646 364.1739 364.7167 365.3309 365.9523 366.4409 366.7106 366.8676 367.1362 367.3749 367.513 367.6755 367.8337 367.9434 368.0534
377.0256 376.5258 376.0135 375.841 375.5782 375.1884 374.8241 374.4493 374.0699 373.6606 373.2711 372.8895 372.5118 372.2076 371.8925 371.5015 371.0747 370.6634 370.3207 369.9865 369.6057 369.1885 368.6967 368.1154 367.7791 367.5053 367.2214 366.9335 366.696 366.5125 366.3194 366.1405 365.9343 365.6931 365.1471 365.0121 364.9974 364.7381 364.4356 364.0451 363.4985 363.1908 363.1629 363.0748 362.9824 362.6048 362.2048 362.9726 363.6516 364.1356 364.7144 365.3145 365.9202 366.47 366.7819 366.9528 367.2309 367.4692 367.6274 367.8 367.9885 368.1229 368.254
377.1927 376.7324 376.1661 375.8945 375.6906 375.3187 374.9323 374.552 374.1546 373.7334 373.3174 372.9271 372.5401 372.2139 371.9064 371.5382 371.1124 370.6492 370.2633 369.884 369.4498 368.9637 368.4536 368.0708 367.8528 367.6018 367.3246 367.1129 366.8871 366.6889 366.4918 366.2789 366.0525 365.5093 365.4623 365.4279 365.1817 364.8867 364.6718 364.2805 363.6801 363.3141 363.2446 363.121 362.8302 362.4878 362.6215 363.3474 363.6195 364.1018 364.7156 365.3346 365.9119 366.479 366.8106 367.0336 367.2986 367.5436 367.7024 367.8954 368.1008 368.2657 368.4156
377.3649 376.9371 376.4113 375.9623 375.7933 375.4793 375.0534 374.6454 374.2392 373.8137 373.3736 372.978 372.5899 372.2522 371.9131 371.5762 371.1443 370.6823 370.196 369.7192 369.2178 368.7979 368.5038 368.1838 367.9856 367.7354 367.4815 367.2305 367.0732 366.896 366.7381 366.3598 365.9958 366.0065 365.9431 365.7136 365.456 365.1604 364.8671 364.5652 363.907 363.4465 363.3456 363.1861 363.0095 362.7326 362.908 363.6169 363.6958 364.1161 364.7462 365.3828 365.9399 366.5251 366.8731 367.0862 367.3539 367.6063 367.7788 367.9882 368.2118 368.4072 368.5807
377.5144 377.1175 376.64 376.092 375.834 375.5744 375.1616 374.7453 374.3266 373.8911 373.4546 373.0406 372.6737 372.289 371.9418 371.5862 371.1516 370.6826 370.1285 369.4891 369.1047 368.8537 368.6115 368.3514 368.1626 367.9154 367.6595 367.4498 367.3215 367.1425 366.7442 366.3136 366.5125 366.4482 366.2836 366.0592 365.8226 365.5526 365.1813 364.8094 364.2764 363.6075 363.5208 363.4353 363.3545 363.1667 362.8211 363.5529 363.797 364.1306 364.7589 365.416 366.0144 366.5799 366.9633 367.1101 367.3985 367.6434 367.8311 368.0629 368.303 368.5282 368.7267
377.6721 377.288 376.8339 376.2886 375.874 375.6666 375.3053 374.844 374.4181 373.9788 373.5742 373.1501 372.7407 372.348 371.9278 371.5167 371.0838 370.5827 369.9845 369.4284 369.1665 368.9572 368.7604 368.5405 368.3442 368.148 367.9413 367.7526 367.5376 366.9438 366.862 367.0544 366.8997 366.7794 366.671 366.5069 366.2562 365.9472 365.5646 365.0816 364.5801 363.9209 363.7646 363.6351 363.5316 363.342 362.8211 363.4243 363.9343 364.1906 364.7374 365.3483 365.9762 366.5781 366.9386 367.1491 367.4125 367.6725 367.8818 368.1333 368.3995 368.6583 368.8797
377.8109 377.4144 376.9888 376.4812 375.9427 375.7208 375.4016 374.9336 374.5013 374.0852 373.6703 373.2308 372.8129 372.3305 371.843 371.3797 370.9209 370.4604 369.9636 369.4991 369.28 369.0628 368.8755 368.6777 368.4959 368.3407 368.1552 367.8804 367.3918 367.3298 367.4835 367.3958 367.2207 367.0814 366.9749 366.8178 366.5403 366.1989 365.8476 365.3625 364.797 364.2089 363.7946 363.7586 363.6712 363.0442 363.1281 363.1424 364.1086 364.254 364.7397 365.3314 365.9148 366.5136 366.9287 367.1379 367.4261 367.6863 367.9275 368.1897 368.4864 368.7638 369.0091
377.9773 377.5568 377.1644 376.6909 376.1015 375.7421 375.5021 375.0485 374.6411 374.2034 373.7585 373.3145 372.7737 372.21 371.6565 371.2185 370.8366 370.4598 370.0909 369.6684 369.4306 369.2003 369.001 368.8279 368.6634 368.5083 368.2192 367.6917 367.907 368.0325 367.8774 367.7504 367.6136 367.3916 367.2148 367.0552 366.7765 366.4376 366.097 365.6771 365.138 364.669 364.1636 363.9928 363.7721 363.1441 363.2026 363.2957 363.8101 364.3614 364.6364 365.2196 365.8211 366.4238 366.8893 367.1512 367.4183 367.7109 367.9729 368.2701 368.587 368.8965 369.1448
378.1284 377.7013 377.2854 376.8596 376.3306 375.8415 375.5766 375.1707 374.743 374.3088 373.7924 373.2054 372.6103 372.0034 371.5312 371.152 370.8318 370.539 370.2166 369.8637 369.5545 369.298 369.1169 368.9699 368.8191 368.5147 368.0717 368.3819 368.4218 368.2918 368.1184 367.9544 367.789 367.5997 367.3593 367.1539 366.895 366.6256 366.3101 365.9415 365.3741 364.9584 364.5121 364.1845 363.9399 363.5395 363.3609 363.5537 363.4325 364.0004 364.5578 365.0864 365.7228 366.3268 366.8094 367.0959 367.4174 367.7133 368.0053 368.3309 368.6623 368.9991 369.2683
378.2714 377.8421 377.4113 376.9855 376.5031 375.9738 375.6041 375.2152 374.7953 374.2657 373.6121 372.9821 372.3697 371.8788 371.5011 371.1528 370.8974 370.6166 370.3299 370.0093 369.7094 369.4567 369.2834 369.1312 368.7653 368.5655 368.752 368.7114 368.5535 368.459 368.3146 368.1178 367.939 367.7159 367.4541 367.25 367.008 366.7526 366.4678 366.1329 365.7494 365.1366 364.722 364.3772 363.982 363.6723 363.7028 363.6893 363.7752 363.6713 364.318 364.9667 365.6461 366.254 366.7963 367.1111 367.4422 367.7372 368.0515 368.3873 368.7478 369.098 369.3934
378.409 377.9758 377.5328 377.0778 376.6201 376.1038 375.5732 375.1937 374.7313 374.07 373.3977 372.7918 372.2463 371.7894 371.513 371.2096 370.9542 370.6966 370.4259 370.1129 369.8592 369.6561 369.4354 369.0081 368.9786 369.1364 369.0506 368.8587 368.749 368.6519 368.5183 368.2798 368.0588 367.8212 367.5457 367.3202 367.0907 366.8519 366.6021 366.2727 365.8003 365.2296 364.8666 364.5213 364.0747 364.246 364.0409 363.9141 364.1082 364.0528 363.7383 364.9512 365.6329 366.2302 366.7741 367.1313 367.4742 367.7845 368.1136 368.4596 368.8358 369.2163 369.5298
378.5061 378.074 377.6099 377.147 376.6777 376.1738 375.5829 375.0916 374.4749 373.7752 373.1666 372.6184 372.1842 371.8912 371.5892 371.3084 371.0556 370.8063 370.5207 370.235 370.0057 369.8672 369.3479 369.4417 369.4913 369.3184 369.1789 369.1014 368.9742 368.8407 368.6864 368.423 368.1672 367.8915 367.6307 367.3836 367.1627 366.9426 366.6993 366.3683 365.879 365.3031 364.9684 364.7176 364.5547 364.5258 364.537 364.4544 364.4977 364.4334 363.9076 364.6702 365.6904 366.251 366.7514 367.1495 367.5143 367.8524 368.1849 368.5484 368.9333 369.3288 369.6589
378.5632 378.1108 377.6295 377.1395 376.6404 376.1245 375.5154 374.9094 374.1716 373.5794 373.0289 372.5625 372.2712 372.0337 371.693 371.4157 371.1541 370.8971 370.6421 370.3418 369.9484 370.026 369.9542 369.9 369.7393 369.6119 369.5417 369.3964 369.2048 369.0264 368.8394 368.5678 368.2582 367.9871 367.7376 367.476 367.259 367.0622 366.7921 366.4415 366.0085 365.4707 365.2517 364.9266 364.7196 364.6976 364.7083 364.7368 364.8104 364.8228 364.1144 364.9119 365.8138 366.3415 366.8191 367.163 367.5307 367.8909 368.2355 368.594 369.0022 369.415 369.7727
378.5405 378.0421 377.5251 376.9992 376.4702 375.922 375.3378 374.6852 373.9667 373.4305 372.993 372.6624 372.4225 372.1648 371.8765 371.5753 371.3074 371.078 370.8141 370.2407 370.131 370.2804 370.147 370.0327 369.9665 369.8973 369.8392 369.7654 369.4821 369.2359 368.994 368.7087 368.3872 368.101 367.8407 367.5869 367.3609 367.1659 366.9022 366.59 366.1968 365.6532 365.4484 365.2138 364.884 364.8465 364.8581 364.8892 364.9162 365.0169 364.7971 364.7286 365.9848 366.4603 366.8726 367.1867 367.5289 367.899 368.2387 368.5997 369.0142 369.4495 369.8396
378.3772 377.8459 377.2857 376.7374 376.2065 375.654 375.0446 374.4193 373.8494 373.399 373.0673 372.8047 372.6103 372.4099 372.1069 371.8453 371.5511 371.2338 370.7192 370.6164 370.6785 370.5744 370.4416 370.3686 370.2993 370.1999 370.0836 369.9767 369.7244 369.3966 369.1066 368.8313 368.5412 368.2464 367.9731 367.7269 367.4906 367.284 367.0678 366.7456 366.3778 365.8502 365.5819 365.3997 365.0652 364.9864 364.9728 365.0131 365.0522 365.1375 365.2254 364.7286 365.9409 366.4999 366.9164 367.2216 367.4969 367.871 368.2241 368.5831 368.994 369.44 369.8563
378.0866 377.5028 376.932 376.3757 375.8362 375.3412 374.814 374.3078 373.8593 373.5165 373.2343 373.0016 372.8458 372.647 372.3894 372.0923 371.5248 371.0468 371.1943 371.1752 371.1376 371.0485 370.9134 370.8025 370.6532 370.4871 370.2952 370.1042 369.8244 369.5165 369.254 368.9988 368.7387 368.4377 368.1375 367.8895 367.6608 367.4447 367.2278 366.9571 366.594 366.0741 365.7345 365.5838 365.2801 365.1342 365.0768 365.104 365.1528 365.2178 365.4893 364.8466 365.9106 366.482 366.9148 367.2639 367.471 367.8173 368.187 368.5421 368.9523 369.4196 369.8559
377.6627 377.0565 376.4905 375.933 375.4267 375.0332 374.6597 374.3129 374.0343 373.7563 373.5181 373.3207 373.1332 372.9072 372.5732 371.7963 371.6147 371.8015 371.844 371.8102 371.7428 371.6176 371.4262 371.2214 370.979 370.7402 370.5264 370.2612 370.0461 369.7442 369.445 369.1696 368.9132 368.6167 368.335 368.0809 367.8736 367.6429 367.3993 367.147 366.8135 366.3752 365.9316 365.7626 365.4919 365.2904 365.206 365.2194 365.2538 365.2858 365.5296 365.3518 365.7021 366.4237 366.9118 367.2962 367.4621 367.8183 368.1605 368.5078 368.9326 369.4066 369.8614
377.2552 376.6215 376.0304 375.6773 375.3631 375.0401 374.707 374.4207 374.2245 373.9253 373.7321 373.5848 373.319 372.8958 372.1631 372.2473 372.4109 372.4773 372.4453 372.3816 372.2701 372.0738 371.8109 371.5453 371.3017 371.0898 370.8341 370.561 370.3358 370.0383 369.6924 369.3642 369.0708 368.8145 368.5241 368.2845 368.0833 367.8451 367.5834 367.3338 367.032 366.6427 366.1288 365.9483 365.741 365.5061 365.3885 365.357 365.3806 365.4206 365.534 365.693 365.6714 366.205 366.8733 367.3376 367.4865 367.8326 368.1655 368.4944 368.9204 369.3999 369.8774
376.8206 376.2124 375.7787 375.5927 375.4192 375.1282 374.8304 374.6236 374.41 374.1218 373.8962 373.7304 373.1588 372.8113 372.931 373.0533 373.1154 373.113 373.0864 372.963 372.7551 372.4839 372.2035 371.9889 371.7451 371.4261 371.1004 370.7873 370.5394 370.2281 369.9205 369.5828 369.2478 368.9781 368.7506 368.5206 368.3059 368.0972 367.8375 367.5558 367.2854 366.9257 366.3589 366.1224 366.0045 365.7434 365.6084 365.5164 365.5016 365.5235 365.6156 365.9886 365.7064 365.9488 366.6638 367.2887 367.5054 367.8644 368.1815 368.5081 368.9283 369.3966 369.8868
376.5617 376.1241 375.851 375.6713 375.5145 375.2361 375.0097 374.8287 374.5498 374.3065 374.0193 373.485 373.3664 373.5609 373.6138 373.6758 373.7151 373.7177 373.6136 373.4518 373.2059 372.942 372.727 372.449 372.059 371.6635 371.2928 370.9893 370.7428 370.3901 370.0872 369.8126 369.4931 369.2071 368.9888 368.7637 368.5743 368.3592 368.1198 367.8482 367.5647 367.2487 366.7237 366.3348 366.1958 365.9633 365.7933 365.6976 365.6608 365.659 365.7116 365.9868 365.792 366.0251 366.4566 367.2444 367.5359 367.9037 368.2139 368.5287 368.942 369.397 369.8932
376.5411 376.2015 375.9722 375.7718 375.6092 375.3823 375.1763 374.9606 374.7058 374.3454 373.8705 373.9436 374.0949 374.0874 374.1295 374.2499 374.2975 374.2257 374.0721 373.869 373.639 373.3551 373.0587 372.7204 372.2939 371.9009 371.5419 371.2495 371.0063 370.5772 370.2357 369.9764 369.7279 369.4243 369.1953 368.998 368.8177 368.6327 368.4053 368.1259 367.8233 367.5525 367.0482 366.4891 366.3205 366.2025 366.0042 365.8767 365.8016 365.7997 365.8339 366.0648 365.9749 366.1425 366.4418 367.2397 367.5896 367.9304 368.257 368.5628 368.9669 369.4068 369.9018
376.6222 376.3483 376.1006 375.9143 375.7616 375.551 375.3467 375.1341 374.6388 374.34 374.6247 374.6341 374.72 374.776 374.8068 374.899 374.8784 374.7481 374.5533 374.3589 374.08 373.7328 373.3361 372.9489 372.5734 372.217 371.8429 371.5073 371.199 370.8031 370.4537 370.1745 369.9704 369.6823 369.4601 369.2576 369.1031 368.9427 368.6911 368.3629 368.0808 367.8174 367.3785 366.7764 366.5294 366.4503 366.2348 366.0704 365.9712 365.9558 365.9843 366.1631 366.2422 366.2794 366.5802 367.2887 367.644 367.9808 368.3044 368.597 368.9817 369.4131 369.8949
376.806 376.5401 376.3069 376.1296 375.9185 375.7066 375.4729 374.9351 375.0224 375.1856 375.3214 375.3792 375.4384 375.5418 375.4868 375.4194 375.3287 375.1693 374.9244 374.6585 374.3824 374.0009 373.5689 373.1754 372.8171 372.4635 372.0855 371.7141 371.4016 371.0559 370.7267 370.4135 370.1809 370.0123 369.7536 369.5444 369.3688 369.1747 368.9224 368.6176 368.3191 368.0539 367.7067 367.1355 366.6912 366.7073 366.5328 366.2809 366.1589 366.1098 366.1328 366.2418 366.5508 366.2731 366.7001 367.3484 367.6616 368.0168 368.3503 368.6313 368.9997 369.4147 369.8868
