testcase/results/basin_001.txt
ncols         190 
nrows         93 
xllcorner     4473269 
yllcorner     5543902 
cellsize      5 
NODATA_value  -9999 
[rows 60 to 89 of 93, columns 67 to 133 of 190]
-1.9883 -2.0151 -1.9972 -2.0739 -2.1195 -2.1728 -2.1693 -2.1975 -2.2742 -2.3306 -2.4045 -2.5313 -2.6133 -2.6334 -2.6065 -2.5434 -2.4986 -2.4509 -2.3398 -2.1821 -2.2189 -2.2377 -2.1763 -2.0322 -1.9304 -1.9085 -1.8952 -1.7875 -1.7961 -1.7893 -1.7662 -1.7778 -1.7528 -1.7358 -1.7332 -1.6961 -1.6866 -1.7167 -1.7388 -1.7295 -1.6992 -1.667 -1.6198 -1.5452 -1.4554 -1.4171 -1.379 -1.3387 -1.2474 -1.1988 -1.2145 -1.1356 -1.1136 -1.0842 -1.0649 -1.0375 -1.0463 -1.0625 -1.0962 -1.0767 -1.0578 -1.0396 -1.0482 -1.0641 -1.0979 -1.1184 -1.1326
-1.9188 -1.9307 -1.907 -1.9915 -2.0301 -2.0721 -2.0602 -2.087 -2.1592 -2.2312 -2.3093 -2.459 -2.5371 -2.5528 -2.518 -2.4582 -2.4363 -2.3813 -2.2445 -2.1799 -2.2057 -2.1898 -2.1053 -2.0241 -1.9653 -1.8853 -1.7464 -1.7429 -1.7596 -1.7466 -1.7432 -1.7394 -1.7332 -1.7276 -1.7317 -1.7242 -1.6726 -1.6642 -1.6431 -1.6366 -1.6102 -1.592 -1.5743 -1.5191 -1.4337 -1.4006 -1.3558 -1.3171 -1.237 -1.208 -1.182 -1.1158 -1.0554 -1.0335 -1.0219 -1.0033 -0.9676 -0.9498 -0.9612 -0.9657 -0.9666 -0.9763 -0.9278 -0.9128 -0.9488 -0.9471 -0.9364
-1.839 -1.8362 -1.8514 -1.9107 -1.9605 -1.9864 -1.9892 -2.0141 -2.0683 -2.1293 -2.2462 -2.3801 -2.4694 -2.4669 -2.4111 -2.3669 -2.374 -2.2871 -2.1921 -2.1557 -2.1792 -2.1439 -2.037 -1.9688 -1.9396 -1.7931 -1.6846 -1.7366 -1.7404 -1.7204 -1.7006 -1.6907 -1.6831 -1.6812 -1.685 -1.6566 -1.6831 -1.6936 -1.699 -1.6691 -1.6216 -1.5892 -1.5533 -1.5081 -1.4332 -1.3891 -1.3489 -1.2898 -1.241 -1.1875 -1.1567 -1.0993 -1.0335 -0.9954 -0.9609 -0.947 -0.9176 -0.8888 -0.8675 -0.8512 -0.8683 -0.8771 -0.8681 -0.8577 -0.808 -0.7822 -0.794
-1.7458 -1.7475 -1.7959 -1.8264 -1.8966 -1.9148 -1.9299 -1.9804 -2.0334 -2.068 -2.1709 -2.245 -2.3226 -2.3563 -2.3014 -2.23 -2.267 -2.1826 -2.151 -2.1315 -2.1395 -2.0771 -1.9858 -1.9231 -1.8186 -1.7184 -1.6871 -1.6964 -1.6855 -1.6875 -1.6743 -1.6508 -1.6407 -1.6223 -1.6003 -1.604 -1.6088 -1.6194 -1.6313 -1.6408 -1.6185 -1.5893 -1.564 -1.5189 -1.4349 -1.4199 -1.3636 -1.3043 -1.2286 -1.1752 -1.1311 -1.0961 -1.0074 -0.9804 -0.9196 -0.883 -0.8554 -0.8326 -0.8141 -0.7997 -0.7684 -0.7545 -0.7687 -0.7598 -0.7304 -0.7119 -0.6836
-1.66 -1.6798 -1.7208 -1.7636 -1.8179 -1.8524 -1.8728 -1.9355 -2.0034 -2.0291 -2.0805 -2.1018 -2.1577 -2.1896 -2.1716 -2.0883 -2.1351 -2.1037 -2.1159 -2.0793 -2.0443 -1.9912 -1.9286 -1.8254 -1.7024 -1.6962 -1.7053 -1.7046 -1.666 -1.6287 -1.607 -1.5951 -1.5787 -1.5881 -1.533 -1.5297 -1.5337 -1.5538 -1.5505 -1.5587 -1.5407 -1.5169 -1.5032 -1.4563 -1.4148 -1.3952 -1.33 -1.2677 -1.1783 -1.1634 -1.1188 -1.0913 -0.9939 -0.9358 -0.9103 -0.8599 -0.8138 -0.7833 -0.7733 -0.7491 -0.7232 -0.6987 -0.6741 -0.6528 -0.6395 -0.6316 -0.6344
-1.5377 -1.5821 -1.6308 -1.6673 -1.7155 -1.7742 -1.8173 -1.854 -1.9124 -1.8924 -1.9089 -1.9239 -1.9996 -2.0619 -2.0587 -2.0551 -2.0676 -2.0492 -2.0808 -2.0297 -2.0003 -1.9218 -1.8605 -1.747 -1.6065 -1.6029 -1.6263 -1.6378 -1.647 -1.6014 -1.5544 -1.5438 -1.5424 -1.5579 -1.5087 -1.5007 -1.4869 -1.4915 -1.4779 -1.4969 -1.4703 -1.459 -1.4364 -1.3964 -1.3567 -1.3321 -1.2809 -1.2163 -1.1482 -1.1185 -1.083 -1.0664 -0.9982 -0.9086 -0.8849 -0.8599 -0.8067 -0.7808 -0.7558 -0.7146 -0.6759 -0.681 -0.6458 -0.6208 -0.5996 -0.5768 -0.5609
-1.3549 -1.4139 -1.4614 -1.4954 -1.5693 -1.6645 -1.6996 -1.6725 -1.7044 -1.6999 -1.7351 -1.7768 -1.8986 -1.9977 -2.0373 -2.0502 -2.0821 -2.0204 -2.0103 -2.0305 -1.9574 -1.92 -1.8977 -1.7975 -1.6773 -1.5872 -1.5185 -1.4778 -1.552 -1.5895 -1.5701 -1.54 -1.5153 -1.505 -1.474 -1.4861 -1.4696 -1.4697 -1.4351 -1.4348 -1.3854 -1.3579 -1.3339 -1.3048 -1.2798 -1.2644 -1.2115 -1.1379 -1.0935 -1.0671 -1.0394 -1.0275 -0.9783 -0.8933 -0.8564 -0.822 -0.788 -0.7513 -0.7016 -0.6827 -0.6701 -0.6631 -0.6418 -0.6356 -0.606 -0.591 -0.5783
-1.136 -1.2231 -1.2222 -1.2294 -1.3568 -1.4273 -1.4066 -1.3969 -1.4819 -1.5754 -1.695 -1.7384 -1.8291 -1.905 -1.9928 -2.0321 -2.0545 -2.0466 -1.9869 -1.9682 -1.9271 -1.8897 -1.8471 -1.7871 -1.731 -1.7047 -1.6621 -1.5868 -1.4951 -1.5331 -1.5518 -1.5324 -1.4897 -1.4429 -1.4128 -1.436 -1.4222 -1.4366 -1.3828 -1.3769 -1.316 -1.2856 -1.257 -1.2194 -1.1877 -1.1702 -1.138 -1.0769 -1.0496 -1.0267 -0.9927 -0.9735 -0.9487 -0.8769 -0.8372 -0.793 -0.7495 -0.7288 -0.6872 -0.6503 -0.6065 -0.5923 -0.5981 -0.5852 -0.5747 -0.5667 -0.5337
-0.8263 -0.9523 -0.9125 -0.9074 -1.0376 -1.0963 -1.1231 -1.2039 -1.3573 -1.5341 -1.6574 -1.7094 -1.7898 -1.8744 -1.9434 -1.9902 -2.0371 -2.0574 -2.0388 -2.0019 -1.934 -1.8872 -1.817 -1.7364 -1.6847 -1.6755 -1.6662 -1.6145 -1.5126 -1.4531 -1.4947 -1.4763 -1.412 -1.3577 -1.3344 -1.3906 -1.3554 -1.3196 -1.3004 -1.3022 -1.2455 -1.1953 -1.1602 -1.1394 -1.1112 -1.088 -1.0573 -1.0005 -0.9909 -0.9822 -0.9386 -0.883 -0.8981 -0.8224 -0.7903 -0.7564 -0.7016 -0.6516 -0.6295 -0.5922 -0.5629 -0.5104 -0.5079 -0.5204 -0.5069 -0.497 -0.4722
-0.5938 -0.7058 -0.7625 -0.7777 -0.8724 -0.9557 -1.0414 -1.186 -1.3498 -1.5066 -1.6185 -1.6738 -1.7624 -1.8308 -1.8972 -1.952 -2.0031 -2.0286 -2.0386 -2.041 -2.0108 -1.9604 -1.8825 -1.7808 -1.6946 -1.6474 -1.6147 -1.5804 -1.5584 -1.4479 -1.4268 -1.4493 -1.3835 -1.3632 -1.3475 -1.389 -1.3439 -1.2975 -1.2727 -1.2306 -1.1602 -1.1222 -1.0626 -1.0424 -1.026 -1.0013 -0.9636 -0.9304 -0.9094 -0.8997 -0.892 -0.846 -0.8306 -0.7629 -0.7007 -0.6748 -0.645 -0.5967 -0.5498 -0.5287 -0.4949 -0.4681 -0.4376 -0.4362 -0.4498 -0.4317 -0.4304
-0.5431 -0.6915 -0.7402 -0.7781 -0.8547 -0.9396 -1.0351 -1.1838 -1.3223 -1.447 -1.5554 -1.635 -1.714 -1.7737 -1.8524 -1.9173 -1.9725 -1.9921 -2.0272 -2.0263 -2.0259 -1.9995 -1.9547 -1.8422 -1.7473 -1.7071 -1.6553 -1.6118 -1.5685 -1.5317 -1.4023 -1.3584 -1.3443 -1.3676 -1.3595 -1.3955 -1.3584 -1.3138 -1.3019 -1.2535 -1.1798 -1.1135 -1.0219 -0.9425 -0.9119 -0.8898 -0.8612 -0.8645 -0.8408 -0.822 -0.799 -0.7664 -0.7506 -0.724 -0.6351 -0.5938 -0.5696 -0.5297 -0.5132 -0.4731 -0.4616 -0.4413 -0.4089 -0.3868 -0.3326 -0.3243 -0.3378
-0.4966 -0.6745 -0.7232 -0.7161 -0.78 -0.8704 -0.9809 -1.1111 -1.2487 -1.3608 -1.4958 -1.5823 -1.6572 -1.7166 -1.8061 -1.8655 -1.9214 -1.9498 -1.9827 -2.0137 -2.0217 -2.0338 -1.9981 -1.9096 -1.8381 -1.7564 -1.7039 -1.6571 -1.6128 -1.5508 -1.4987 -1.391 -1.3413 -1.3795 -1.3623 -1.3757 -1.3437 -1.3134 -1.3026 -1.2395 -1.1883 -1.1262 -1.0804 -1.0335 -0.9386 -0.8434 -0.7783 -0.7736 -0.7326 -0.7188 -0.7237 -0.682 -0.6571 -0.6948 -0.5882 -0.5611 -0.5184 -0.4949 -0.4752 -0.4505 -0.4058 -0.3845 -0.3854 -0.3758 -0.3144 -0.2611 -0.2604
-0.3449 -0.5508 -0.6199 -0.5944 -0.6382 -0.7432 -0.8587 -0.9693 -1.1286 -1.2474 -1.3981 -1.5001 -1.6047 -1.6767 -1.7593 -1.8168 -1.8774 -1.9132 -1.9369 -1.9578 -1.9913 -2.0184 -1.999 -1.9617 -1.9459 -1.8777 -1.7882 -1.7279 -1.6598 -1.6041 -1.5628 -1.5183 -1.4017 -1.3445 -1.3368 -1.3802 -1.3354 -1.3084 -1.2873 -1.2397 -1.1981 -1.1247 -1.0574 -0.9947 -0.9721 -0.9251 -0.8281 -0.731 -0.661 -0.6185 -0.5985 -0.5741 -0.5672 -0.6204 -0.5268 -0.503 -0.4778 -0.4506 -0.3977 -0.3745 -0.3532 -0.3351 -0.3314 -0.2921 -0.2618 -0.2042 -0.2131
-0.1133 -0.2688 -0.3675 -0.363 -0.4155 -0.5064 -0.6389 -0.77 -0.9447 -1.0569 -1.2163 -1.3645 -1.474 -1.5867 -1.6916 -1.7589 -1.8259 -1.8704 -1.8992 -1.9278 -1.954 -1.9609 -1.9806 -1.9735 -1.9508 -1.9294 -1.8804 -1.8129 -1.7522 -1.6562 -1.5767 -1.5806 -1.5423 -1.4167 -1.4034 -1.3696 -1.327 -1.3443 -1.2895 -1.2411 -1.1741 -1.1112 -1.0689 -1.0116 -0.95 -0.8962 -0.8385 -0.8025 -0.7443 -0.6457 -0.5749 -0.5212 -0.4877 -0.5085 -0.4688 -0.4183 -0.4197 -0.4039 -0.3679 -0.3159 -0.3082 -0.2834 -0.2633 -0.2579 -0.223 -0.2071 -0.1976
-9999 -9999 -0.0899 -0.1163 -0.1733 -0.251 -0.3921 -0.5533 -0.7471 -0.8579 -1.0326 -1.1946 -1.3427 -1.464 -1.596 -1.693 -1.7658 -1.8175 -1.8561 -1.8811 -1.9063 -1.9211 -1.9459 -1.9424 -1.93 -1.9119 -1.8966 -1.8621 -1.8027 -1.7366 -1.6524 -1.6068 -1.5488 -1.5307 -1.4425 -1.4339 -1.3916 -1.3559 -1.3097 -1.2628 -1.2094 -1.1446 -1.0759 -1.0148 -0.9712 -0.9174 -0.8563 -0.7919 -0.7095 -0.6501 -0.6204 -0.5434 -0.4717 -0.4232 -0.4369 -0.3467 -0.3531 -0.3396 -0.3157 -0.2954 -0.2816 -0.2548 -0.2594 -0.2163 -0.1584 -0.156 -0.1394
-9999 -9999 -9999 -9999 -9999 -9999 -9999 -0.2521 -0.4858 -0.6403 -0.8655 -1.0501 -1.2154 -1.3346 -1.4775 -1.617 -1.7086 -1.7579 -1.7974 -1.8193 -1.8522 -1.8798 -1.896 -1.8912 -1.8867 -1.8899 -1.8788 -1.8506 -1.8208 -1.7778 -1.7155 -1.6439 -1.564 -1.5586 -1.5146 -1.464 -1.4481 -1.4004 -1.3442 -1.2762 -1.2303 -1.1892 -1.127 -1.0653 -1.008 -0.9271 -0.8644 -0.8121 -0.725 -0.67 -0.626 -0.5592 -0.5035 -0.4382 -0.4132 -0.3348 -0.295 -0.2972 -0.2786 -0.234 -0.2192 -0.1706 -0.1478 -0.0907 -0.0666 -9999 -9999
-9999 -9999 -9999 -9999 -9999 -9999 -9999 -9999 -0.2756 -0.4492 -0.7364 -0.9359 -1.0613 -1.1867 -1.338 -1.5151 -1.6416 -1.68 -1.6933 -1.7351 -1.7733 -1.8193 -1.8279 -1.8349 -1.8397 -1.8503 -1.8373 -1.8295 -1.8042 -1.7577 -1.7136 -1.6659 -1.6097 -1.5743 -1.5298 -1.5201 -1.4275 -1.4227 -1.3713 -1.3092 -1.262 -1.2056 -1.1693 -1.1076 -1.0613 -0.9846 -0.9058 -0.8372 -0.7555 -0.6993 -0.6718 -0.5823 -0.5193 -0.4596 -0.4096 -0.3923 -0.3069 -0.2172 -0.1469 -0.111 -0.0956 -0.0559 -9999 -9999 -9999 -9999 -9999
-9999 -9999 -9999 -9999 -9999 -9999 -9999 -9999 -0.1272 -0.3102 -0.6005 -0.7926 -0.9078 -1.0189 -1.1818 -1.3243 -1.4816 -1.5057 -1.5273 -1.5848 -1.652 -1.7216 -1.7587 -1.7676 -1.7806 -1.7909 -1.7866 -1.7763 -1.7715 -1.7301 -1.6855 -1.6521 -1.6154 -1.5714 -1.5462 -1.5317 -1.5004 -1.4222 -1.3673 -1.3233 -1.2872 -1.2286 -1.1836 -1.1381 -1.081 -1.0196 -0.9556 -0.9055 -0.8348 -0.7844 -0.7079 -0.629 -0.5643 -0.5078 -0.4384 -0.3606 -0.3314 -0.272 -0.1773 -9999 -9999 -9999 -9999 -9999 -9999 -9999 -9999
-9999 -9999 -9999 -9999 -9999 -9999 -9999 -9999 -9999 -0.1021 -0.3614 -0.5873 -0.7633 -0.8912 -1.0346 -1.1317 -1.2396 -1.3099 -1.3495 -1.4201 -1.5213 -1.6002 -1.6215 -1.6767 -1.7008 -1.7247 -1.7211 -1.7193 -1.704 -1.6742 -1.6528 -1.63 -1.5989 -1.5516 -1.5224 -1.499 -1.4663 -1.4495 -1.3977 -1.3677 -1.3292 -1.2586 -1.1998 -1.1521 -1.0902 -1.0235 -0.9878 -0.9631 -0.9082 -0.869 -0.7893 -0.7054 -0.6262 -0.549 -0.4614 -0.3453 -0.3023 -0.2442 -0.1849 -0.1254 -9999 -9999 -9999 -9999 -9999 -9999 -9999
-9999 -9999 -9999 -9999 -9999 -9999 -9999 -9999 -9999 -9999 -9999 -0.3401 -0.5846 -0.7377 -0.8622 -0.9438 -1.0115 -1.0899 -1.1849 -1.268 -1.3608 -1.4349 -1.4879 -1.552 -1.6254 -1.6657 -1.6636 -1.6483 -1.6449 -1.6167 -1.6088 -1.6 -1.5772 -1.5378 -1.4975 -1.4732 -1.4386 -1.4086 -1.3573 -1.3305 -1.2912 -1.2358 -1.1955 -1.1649 -1.1286 -1.078 -1.006 -0.9589 -0.9367 -0.8985 -0.8462 -0.7696 -0.6852 -0.6087 -0.5279 -0.4037 -0.3061 -0.2295 -0.1741 -0.1247 -0.0772 -9999 -9999 -9999 -9999 -9999 -9999
-9999 -9999 -9999 -9999 -9999 -9999 -9999 -9999 -9999 -9999 -9999 -0.0763 -0.3444 -0.4948 -0.6082 -0.7015 -0.7659 -0.8746 -0.9824 -1.1106 -1.2266 -1.3104 -1.3684 -1.449 -1.5324 -1.564 -1.5652 -1.5658 -1.5768 -1.5772 -1.5758 -1.5709 -1.5355 -1.5093 -1.4807 -1.462 -1.4179 -1.385 -1.3385 -1.2932 -1.2473 -1.1943 -1.1639 -1.1379 -1.1088 -1.0757 -1.0253 -1.0093 -0.9644 -0.8884 -0.8602 -0.8094 -0.7514 -0.6775 -0.5836 -0.4571 -0.3576 -0.3174 -0.2192 -0.1414 -0.0693 -9999 -9999 -9999 -9999 -9999 -9999
-9999 -9999 -9999 -9999 -9999 -9999 -9999 -9999 -9999 -9999 -9999 -9999 -9999 -0.1565 -0.3065 -0.415 -0.5106 -0.6215 -0.7428 -0.8895 -1.016 -1.1123 -1.1903 -1.2572 -1.3592 -1.4313 -1.4431 -1.4704 -1.4914 -1.5185 -1.5328 -1.5343 -1.4998 -1.4544 -1.4342 -1.4304 -1.3937 -1.3611 -1.3099 -1.2581 -1.2282 -1.1773 -1.1442 -1.1081 -1.0787 -1.0448 -1.0103 -0.9963 -0.9294 -0.9068 -0.8475 -0.8399 -0.7649 -0.6868 -0.5842 -0.4631 -0.4099 -0.3419 -0.2806 -0.1555 -9999 -9999 -9999 -9999 -9999 -9999 -9999
-9999 -9999 -9999 -9999 -9999 -9999 -9999 -9999 -9999 -9999 -9999 -9999 -9999 -9999 -9999 -0.118 -0.284 -0.3777 -0.493 -0.6248 -0.7453 -0.8642 -0.9466 -1.0354 -1.1415 -1.2443 -1.2917 -1.3453 -1.4204 -1.4572 -1.4895 -1.4702 -1.448 -1.4115 -1.3847 -1.3832 -1.3536 -1.3291 -1.2858 -1.2435 -1.2181 -1.1511 -1.1191 -1.0944 -1.0498 -1.016 -0.9705 -0.9532 -0.9051 -0.8706 -0.8106 -0.7927 -0.7339 -0.7016 -0.6112 -0.5061 -0.4466 -0.367 -0.2662 -0.1875 -0.1153 -9999 -9999 -9999 -9999 -9999 -9999
-9999 -9999 -9999 -9999 -9999 -9999 -9999 -9999 -9999 -9999 -9999 -9999 -9999 -9999 -9999 -9999 -9999 -0.0856 -0.1962 -0.3395 -0.4788 -0.6138 -0.7415 -0.8766 -0.999 -1.117 -1.1912 -1.2514 -1.3273 -1.3782 -1.3894 -1.3632 -1.3532 -1.3186 -1.2925 -1.2994 -1.2929 -1.2796 -1.2525 -1.2222 -1.1858 -1.1208 -1.073 -1.0473 -1.0201 -0.9884 -0.9496 -0.8992 -0.8735 -0.8385 -0.7782 -0.7448 -0.7036 -0.6625 -0.6265 -0.5503 -0.4525 -0.3647 -0.2464 -0.1662 -0.0884 -9999 -9999 -9999 -9999 -9999 -9999
-9999 -9999 -9999 -9999 -9999 -9999 -9999 -9999 -9999 -9999 -9999 -9999 -9999 -9999 -9999 -9999 -9999 -9999 -9999 -9999 -0.077 -0.2004 -0.3351 -0.4767 -0.6332 -0.7499 -0.8484 -0.9468 -1.0893 -1.1692 -1.2013 -1.1948 -1.153 -1.1533 -1.1298 -1.1867 -1.1889 -1.1967 -1.1683 -1.1528 -1.1322 -1.0719 -1.0336 -1.0174 -0.9923 -0.931 -0.9006 -0.8508 -0.804 -0.7792 -0.7451 -0.6958 -0.6632 -0.6322 -0.5934 -0.5592 -0.4629 -0.3538 -0.2234 -0.1396 -0.0552 -9999 -9999 -9999 -9999 -9999 -9999
-9999 -9999 -9999 -9999 -9999 -9999 -9999 -9999 -9999 -9999 -9999 -9999 -9999 -9999 -9999 -9999 -9999 -9999 -9999 -9999 -9999 -9999 -0.1011 -0.248 -0.4273 -0.5662 -0.6438 -0.7635 -0.8964 -0.9233 -0.946 -0.9352 -0.9035 -0.9664 -0.9952 -1.06 -1.0761 -1.082 -1.0754 -1.0803 -1.0498 -1.0322 -0.991 -0.9584 -0.912 -0.8661 -0.8373 -0.7996 -0.7373 -0.7158 -0.6765 -0.6407 -0.6176 -0.5881 -0.5591 -0.5229 -0.4469 -0.341 -0.2252 -0.1048 -9999 -9999 -9999 -9999 -9999 -9999 -9999
-9999 -9999 -9999 -9999 -9999 -9999 -9999 -9999 -9999 -9999 -9999 -9999 -9999 -9999 -9999 -9999 -9999 -9999 -9999 -9999 -9999 -9999 -9999 -9999 -0.1313 -0.2743 -0.3791 -0.494 -0.5961 -0.6301 -0.6658 -0.6881 -0.7332 -0.7698 -0.7781 -0.8506 -0.8729 -0.9117 -0.9432 -0.959 -0.9759 -0.9649 -0.9332 -0.8998 -0.8662 -0.8029 -0.7631 -0.7159 -0.6537 -0.6127 -0.5556 -0.5362 -0.5377 -0.5245 -0.4927 -0.4554 -0.4065 -0.3214 -0.2188 -0.1136 -9999 -9999 -9999 -9999 -9999 -9999 -9999
-9999 -9999 -9999 -9999 -9999 -9999 -9999 -9999 -9999 -9999 -9999 -9999 -9999 -9999 -9999 -9999 -9999 -9999 -9999 -9999 -9999 -9999 -9999 -9999 -9999 -9999 -0.0787 -0.2139 -0.2876 -0.3541 -0.4354 -0.4871 -0.5309 -0.5557 -0.5276 -0.5838 -0.6676 -0.758 -0.8147 -0.8443 -0.8326 -0.8816 -0.8805 -0.8325 -0.7722 -0.7236 -0.6937 -0.6297 -0.5511 -0.5043 -0.4538 -0.4283 -0.4363 -0.4495 -0.4363 -0.4054 -0.366 -0.2972 -0.2109 -0.1141 -9999 -9999 -9999 -9999 -9999 -9999 -9999
-9999 -9999 -9999 -9999 -9999 -9999 -9999 -9999 -9999 -9999 -9999 -9999 -9999 -9999 -9999 -9999 -9999 -9999 -9999 -9999 -9999 -9999 -9999 -9999 -9999 -9999 -9999 -9999 -9999 -9999 -0.1491 -0.2011 -0.2506 -0.2763 -0.2249 -0.2338 -0.335 -0.5031 -0.5927 -0.6399 -0.6802 -0.6956 -0.72 -0.6603 -0.6587 -0.596 -0.5196 -0.4586 -0.4004 -0.3591 -0.2927 -0.2655 -0.2543 -0.2907 -0.3223 -0.3098 -0.2859 -0.2345 -0.1627 -0.0624 -9999 -9999 -9999 -9999 -9999 -9999 -9999
-9999 -9999 -9999 -9999 -9999 -9999 -9999 -9999 -9999 -9999 -9999 -9999 -9999 -9999 -9999 -9999 -9999 -9999 -9999 -9999 -9999 -9999 -9999 -9999 -9999 -9999 -9999 -9999 -9999 -9999 -9999 -9999 -9999 -9999 -9999 -9999 -0.0608 -0.2062 -0.3291 -0.4199 -0.4696 -0.4833 -0.5434 -0.505 -0.4752 -0.4192 -0.3718 -0.2812 -0.2306 -0.1526 -0.0662 -9999 -9999 -0.1001 -0.1439 -0.1777 -0.1507 -0.1021 -0.0881 -9999 -9999 -9999 -9999 -9999 -9999 -9999 -9999
