testcase/results/basin_001.txt
ncols         190 
nrows         93 
xllcorner     4473269 
yllcorner     5543902 
cellsize      5 
NODATA_value  -9999 
[rows 30 to 59 of 93, columns 67 to 133 of 190]
-3.7848 -3.8928 -3.9398 -3.9409 -3.9321 -3.9247 -3.9215 -3.9001 -3.8908 -3.8812 -3.8673 -3.8331 -3.8019 -3.7537 -3.706 -3.7216 -3.6648 -3.6562 -3.6423 -3.6119 -3.5791 -3.5303 -3.5281 -3.4872 -3.4696 -3.4302 -3.4275 -3.411 -3.4032 -3.3814 -3.3781 -3.364 -3.3379 -3.2903 -3.2548 -3.2279 -3.2018 -3.1896 -3.1374 -3.0363 -2.9439 -2.877 -2.8441 -2.8858 -2.9769 -3.0408 -2.9111 -2.8025 -2.7553 -2.7013 -2.647 -2.588 -2.5478 -2.5154 -2.4728 -2.4462 -2.4064 -2.3646 -2.3228 -2.286 -2.2712 -2.268 -2.2472 -2.2018 -2.1843 -2.1249 -2.0494
-3.7935 -3.8625 -3.928 -3.9395 -3.9408 -3.9209 -3.9004 -3.875 -3.8699 -3.8419 -3.8163 -3.7961 -3.7771 -3.7251 -3.6897 -3.7022 -3.6817 -3.6564 -3.6508 -3.631 -3.5873 -3.5549 -3.5163 -3.4788 -3.4589 -3.4331 -3.4277 -3.4273 -3.4028 -3.3714 -3.3648 -3.3552 -3.3276 -3.2837 -3.2602 -3.2382 -3.2168 -3.2014 -3.1895 -3.1494 -3.106 -3.0782 -3.0474 -3.047 -3.0713 -2.9897 -2.8692 -2.7931 -2.7489 -2.669 -2.6126 -2.5747 -2.5375 -2.4965 -2.4493 -2.4201 -2.3739 -2.3288 -2.2763 -2.2342 -2.1909 -2.1667 -2.1234 -2.0817 -2.0727 -2.0149 -1.9663
-3.762 -3.8243 -3.899 -3.9141 -3.8997 -3.8844 -3.9132 -3.8711 -3.8701 -3.8508 -3.8252 -3.7953 -3.7711 -3.7421 -3.6986 -3.6926 -3.6712 -3.6462 -3.6107 -3.5917 -3.5734 -3.5633 -3.5618 -3.7086 -3.6833 -3.6764 -3.5967 -3.5942 -3.5296 -3.4347 -3.3709 -3.3432 -3.3139 -3.2888 -3.2381 -3.2348 -3.2069 -3.1936 -3.1876 -3.1524 -3.1274 -3.109 -3.0996 -3.1324 -3.0282 -2.8478 -2.7775 -2.7598 -2.7123 -2.6422 -2.6058 -2.5599 -2.5206 -2.4699 -2.4484 -2.4127 -2.3411 -2.2828 -2.2198 -2.1596 -2.0509 -1.9711 -1.8975 -1.8939 -1.8796 -1.8544 -1.857
-3.6083 -3.6829 -3.7772 -3.8333 -3.8768 -3.8736 -3.8832 -3.8919 -3.865 -3.8332 -3.8134 -3.804 -3.7947 -3.7669 -3.7168 -3.73 -3.7009 -3.6742 -3.6452 -3.6159 -3.5801 -3.5541 -3.5088 -3.4544 -3.4305 -3.4084 -3.4066 -3.4038 -3.3885 -3.3874 -3.451 -3.4652 -3.4151 -3.3795 -3.3247 -3.258 -3.1975 -3.2112 -3.1973 -3.1674 -3.1673 -3.14 -3.0757 -2.9847 -2.8785 -2.8036 -2.7575 -2.74 -2.6878 -2.6263 -2.5777 -2.5335 -2.4966 -2.4609 -2.4522 -2.3937 -2.2935 -2.1819 -2.0939 -2.0163 -1.9223 -1.8232 -1.8071 -2.0357 -2.0242 -2.0124 -1.8553
-3.415 -3.5205 -3.6614 -3.7548 -3.8097 -3.8234 -3.8503 -3.8653 -3.8706 -3.8498 -3.8039 -3.7927 -3.7764 -3.7448 -3.717 -3.7192 -3.6994 -3.6733 -3.6392 -3.6164 -3.5936 -3.5906 -3.5609 -3.488 -3.4378 -3.3865 -3.3796 -3.3483 -3.3236 -3.2999 -3.2816 -3.295 -3.2922 -3.2642 -3.2108 -3.1697 -3.1386 -3.1007 -3.074 -3.0334 -3.0417 -3.0205 -2.9521 -2.8828 -2.8301 -2.7812 -2.7502 -2.718 -2.6651 -2.612 -2.5672 -2.5147 -2.4639 -2.4316 -2.4157 -2.3092 -2.154 -2.055 -1.9779 -1.9749 -1.8601 -2.4157 -2.6269 -2.6008 -2.4003 -2.6933 -2.6795
-4.0382 -3.3308 -3.5313 -3.6643 -3.7245 -3.7402 -3.7855 -3.818 -3.8345 -3.8323 -3.8293 -3.812 -3.7799 -3.7241 -3.7128 -3.7113 -3.6793 -3.6446 -3.6212 -3.5939 -3.5714 -3.5665 -3.5569 -3.4966 -3.4429 -3.3902 -3.3702 -3.3467 -3.3157 -3.2745 -3.2284 -3.2373 -3.2066 -3.1574 -3.1267 -3.0827 -3.0485 -2.9737 -2.9193 -2.8861 -2.8811 -2.8514 -2.841 -2.8145 -2.7812 -2.756 -2.732 -2.6884 -2.6432 -2.6053 -2.5564 -2.4676 -2.4098 -2.3338 -2.2297 -2.0714 -1.9558 -2.0732 -2.3489 -2.0764 -2.4544 -2.8612 -2.23 -1.7296 -1.6821 -1.8167 -1.7728
-3.806 -3.4826 -3.2777 -3.4046 -3.5398 -3.5963 -3.6633 -3.721 -3.761 -3.7929 -3.7914 -3.763 -3.7372 -3.7414 -3.7052 -3.6806 -3.6702 -3.6433 -3.6143 -3.5673 -3.5316 -3.511 -3.5013 -3.482 -3.4574 -3.4246 -3.3881 -3.3529 -3.314 -3.256 -3.1797 -3.1684 -3.1496 -3.0908 -3.0631 -3.0302 -2.9688 -2.892 -2.8175 -2.7594 -2.7542 -2.7347 -2.7179 -2.6993 -2.7083 -2.6888 -2.6656 -2.6385 -2.594 -2.5473 -2.4834 -2.3694 -2.2723 -2.127 -1.9764 -2.3059 -2.6384 -2.795 -2.8319 -2.7754 -2.7023 -2.0646 -1.7602 -1.8168 -1.8703 -1.8662 -1.8303
-3.4182 -4.0312 -3.3621 -3.2082 -3.2591 -3.3703 -3.5276 -3.6436 -3.7312 -3.7638 -3.736 -3.716 -3.6956 -3.6825 -3.6636 -3.6849 -3.6692 -3.6122 -3.5711 -3.5541 -3.5298 -3.494 -3.4738 -3.4686 -3.461 -3.4273 -3.3927 -3.3496 -3.2934 -3.2143 -3.1356 -3.1117 -3.0922 -3.0348 -3.0101 -2.9644 -2.8734 -2.7793 -2.6704 -2.5909 -2.6054 -2.5518 -2.4996 -2.5192 -2.5622 -2.5495 -2.5361 -2.5344 -2.4959 -2.4331 -2.3456 -2.1988 -2.0936 -2.4805 -2.8067 -2.733 -2.4327 -2.2833 -2.0187 -1.8916 -1.8244 -1.862 -1.9431 -2.0108 -2.0421 -2.0277 -1.9896
-3.3662 -3.4269 -4.0607 -3.8144 -3.8694 -3.3346 -3.3331 -3.5429 -3.6132 -3.6713 -3.6726 -3.6522 -3.6314 -3.629 -3.6186 -3.6412 -3.6753 -3.6147 -3.5648 -3.5347 -3.5396 -3.4903 -3.4609 -3.4298 -3.4052 -3.3696 -3.3453 -3.2958 -3.2119 -3.1218 -3.0417 -3.0008 -3.0008 -2.975 -2.9638 -2.9064 -2.7824 -2.6353 -2.4345 -2.3944 -2.3288 -2.2582 -2.2474 -2.2889 -2.3593 -2.3499 -2.3366 -2.3292 -2.2966 -2.2521 -2.2291 -2.055 -2.5699 -2.9814 -2.317 -1.9377 -1.9783 -2.0317 -2.0699 -2.0819 -2.0845 -2.1214 -2.1618 -2.1683 -2.1475 -2.1156 -2.0885
-3.4524 -3.376 -3.2127 -3.276 -3.5605 -3.909 -3.1613 -3.4659 -3.52 -3.5433 -3.5561 -3.5522 -3.5282 -3.5192 -3.5284 -3.5828 -3.598 -3.5894 -3.5577 -3.5458 -3.4918 -3.4489 -3.4119 -3.3871 -3.3373 -3.3033 -3.255 -3.2068 -3.1245 -3.0337 -2.9202 -2.8774 -2.8468 -2.8334 -2.8478 -2.815 -2.6755 -2.4461 -2.8114 -3.2652 -3.1365 -3.2329 -3.2642 -3.0582 -2.7076 -2.8168 -2.9622 -2.451 -2.4712 -2.3502 -2.1422 -2.7122 -2.8375 -2.038 -1.9613 -2.0841 -2.1313 -2.1612 -2.167 -2.1633 -2.1905 -2.2306 -2.2364 -2.2075 -2.173 -2.1394 -2.1244
-3.5126 -3.4799 -3.4374 -3.3023 -3.2085 -4.1294 -3.2075 -3.4021 -3.4771 -3.4936 -3.48 -3.4604 -3.3972 -3.3507 -3.3893 -3.5036 -3.5259 -3.5308 -3.5739 -3.5122 -3.454 -3.3983 -3.3498 -3.3504 -3.3046 -3.2641 -3.2009 -3.1091 -3.0288 -2.9336 -2.7724 -2.7213 -2.6557 -2.6796 -2.697 -2.6179 -2.4426 -2.6594 -3.2643 -2.4026 -2.339 -2.3336 -2.3951 -2.4618 -2.987 -2.7474 -2.8488 -3.16 -3.098 -3.0765 -2.9622 -2.8977 -2.1633 -2.0761 -2.2053 -2.2367 -2.2504 -2.2803 -2.2824 -2.264 -2.2518 -2.2773 -2.2621 -2.2135 -2.1878 -2.163 -2.152
-3.5519 -3.5252 -3.4286 -3.2708 -3.0824 -4.0817 -3.1839 -3.3023 -3.3856 -3.4045 -3.4017 -3.362 -3.2764 -3.2132 -3.2516 -3.3983 -3.4644 -3.48 -3.523 -3.5008 -3.4314 -3.3642 -3.3211 -3.3016 -3.2788 -3.225 -3.1393 -3.025 -2.9045 -2.7945 -2.6038 -2.8256 -3.0978 -3.01 -2.8513 -2.7978 -2.971 -3.2971 -2.5284 -2.4677 -2.487 -2.4642 -2.4562 -2.4233 -2.3725 -2.3232 -2.2757 -2.5462 -2.4309 -2.3469 -2.1903 -2.1034 -2.1961 -2.2832 -2.2994 -2.3018 -2.325 -2.3139 -2.3225 -2.3203 -2.3267 -2.3 -2.2786 -2.2572 -2.2328 -2.2034 -2.1809
-3.6141 -3.5727 -3.4116 -3.1993 -3.2795 -4.0794 -3.0386 -3.0598 -3.1114 -3.195 -3.1767 -3.1786 -3.1433 -3.0976 -3.1321 -3.2864 -3.3742 -3.4031 -3.46 -3.4185 -3.3546 -3.3034 -3.2682 -3.253 -3.2268 -3.1585 -3.0677 -2.9466 -2.7959 -2.7118 -3.1858 -3.257 -3.1011 -3.115 -3.1451 -3.1556 -3.0443 -2.6573 -2.5053 -2.63 -2.6727 -2.6632 -2.6215 -2.6095 -2.5778 -2.5339 -2.4901 -2.4774 -2.4542 -2.4022 -2.3082 -2.3168 -2.3838 -2.4336 -2.4074 -2.388 -2.3388 -2.3473 -2.3966 -2.3407 -2.3022 -2.3267 -2.3343 -2.2957 -2.2772 -2.267 -2.2029
-3.4377 -3.345 -3.3151 -3.1938 -3.1555 -4.0353 -3.9175 -3.5107 -2.9511 -2.8934 -2.9141 -2.9067 -2.836 -2.8312 -2.8502 -2.9878 -3.136 -3.2508 -3.2978 -3.264 -3.209 -3.1894 -3.1829 -3.1848 -3.1223 -3.0412 -2.9221 -2.7883 -2.7782 -3.4373 -3.0562 -2.5231 -2.4803 -2.5192 -2.54 -2.5344 -2.5883 -2.616 -2.6706 -2.7597 -2.7851 -2.7919 -2.756 -2.7309 -2.6902 -2.6501 -2.6341 -2.6544 -2.6227 -2.5653 -2.5046 -2.5126 -2.5263 -2.5303 -2.5062 -2.4857 -2.447 -2.43 -2.4298 -2.4266 -2.3354 -2.2852 -2.2778 -2.2685 -2.2539 -2.2603 -2.2273
-3.1307 -3.0766 -3.1504 -3.2474 -3.1303 -3.0977 -3.4077 -3.8146 -3.9893 -3.6638 -3.1403 -2.9611 -3.654 -3.7082 -3.4922 -3.1096 -2.8244 -2.9903 -3.0312 -3.068 -3.0223 -3.0222 -3.0545 -3.0935 -2.9988 -2.9 -2.7412 -2.8634 -3.4621 -3.0416 -2.5504 -2.5827 -2.7023 -2.7639 -2.769 -2.7868 -2.8066 -2.8005 -2.777 -2.8106 -2.8435 -2.8341 -2.8193 -2.8095 -2.7941 -2.7627 -2.7367 -2.6989 -2.6834 -2.6626 -2.6249 -2.6346 -2.6315 -2.595 -2.5549 -2.5246 -2.4895 -2.4789 -2.497 -2.4351 -2.3603 -2.321 -2.2775 -2.2992 -2.2696 -2.2446 -2.2112
-3.0327 -2.9643 -2.9847 -3.0347 -3.0902 -3.0622 -3.0372 -3.0775 -3.6158 -3.9758 -3.9215 -3.8377 -3.6741 -3.4922 -3.3621 -3.6736 -2.8682 -2.7691 -2.8161 -2.8385 -2.8242 -2.8042 -2.8925 -3.0031 -2.9242 -2.7746 -2.9514 -3.4766 -3.0094 -2.5703 -2.6232 -2.7342 -2.8306 -2.8595 -2.8662 -2.8713 -2.8761 -2.8644 -2.8542 -2.8519 -2.858 -2.8527 -2.8323 -2.8203 -2.8381 -2.8708 -2.8658 -2.846 -2.8074 -2.8072 -2.7599 -2.7299 -2.7024 -2.6585 -2.5823 -2.5716 -2.5572 -2.5281 -2.5266 -2.4964 -2.4011 -2.3361 -2.2824 -2.2999 -2.2808 -2.2543 -2.2089
-2.9602 -2.8847 -2.8954 -2.9149 -2.931 -2.9936 -3.1151 -3.012 -2.9323 -3.201 -3.3125 -3.0678 -2.9118 -2.9187 -2.7566 -3.7169 -3.397 -3.0698 -3.1153 -3.0319 -3.051 -3.1177 -2.7361 -2.8732 -2.8616 -2.6621 -3.5523 -3.0777 -2.5401 -2.6543 -2.7671 -2.8512 -2.8687 -2.8815 -2.885 -2.8791 -2.8758 -2.8744 -2.8715 -2.8674 -2.8598 -2.8323 -2.7858 -2.7551 -2.7733 -2.7873 -2.7744 -2.7476 -2.7616 -2.7549 -2.7343 -2.7536 -2.7024 -2.7227 -2.6673 -2.6273 -2.5493 -2.4842 -2.5028 -2.4611 -2.3991 -2.3969 -2.289 -2.2758 -2.2607 -2.2165 -2.1904
-2.8751 -2.7831 -2.82 -2.8417 -2.8654 -2.8895 -2.8882 -2.9206 -2.9553 -2.9738 -2.964 -2.9793 -2.9491 -2.9187 -2.8691 -2.9155 -3.0818 -3.1957 -3.6043 -3.433 -3.2667 -3.4342 -3.4774 -2.6945 -2.736 -2.6041 -3.3234 -2.8857 -2.6997 -2.7843 -2.8592 -2.8768 -2.882 -2.8857 -2.8822 -2.8815 -2.8778 -2.8754 -2.8724 -2.8616 -2.8339 -2.7971 -2.7468 -2.6995 -2.6607 -2.6463 -2.6293 -2.5862 -2.564 -2.5574 -2.5599 -2.573 -2.6282 -2.6474 -2.6986 -2.6185 -2.5581 -2.4828 -2.4548 -2.402 -2.3491 -2.3493 -2.3571 -2.2782 -2.2201 -2.203 -2.1372
-2.8216 -2.732 -2.7712 -2.784 -2.7965 -2.8065 -2.7802 -2.7561 -2.7624 -2.7741 -2.8127 -2.8724 -2.8972 -2.9019 -2.9243 -2.8856 -2.843 -2.8149 -2.7181 -2.7316 -2.7267 -2.6043 -3.3754 -3.4053 -2.6558 -3.0077 -3.619 -2.9107 -2.8225 -2.8664 -2.8802 -2.8828 -2.8807 -2.884 -2.8872 -2.8824 -2.8824 -2.8486 -2.8256 -2.7827 -2.7358 -2.7082 -2.6956 -2.6718 -2.6295 -2.5998 -2.5705 -2.5187 -2.5047 -2.4915 -2.4788 -2.4666 -2.4745 -2.5407 -2.6459 -2.6201 -2.5465 -2.488 -2.4179 -2.391 -2.3537 -2.3409 -2.3325 -2.3095 -2.2157 -2.1752 -2.112
-2.7233 -2.6644 -2.6693 -2.6569 -2.6271 -2.608 -2.5926 -2.5684 -2.5666 -2.5547 -2.6068 -2.6643 -2.7438 -2.8044 -2.8558 -2.8758 -2.89 -2.9027 -2.862 -2.7515 -2.7252 -2.6991 -2.6649 -3.3871 -3.64 -3.5714 -2.9555 -2.8349 -2.8683 -2.8458 -2.8519 -2.8718 -2.8832 -2.8788 -2.8678 -2.8122 -2.7245 -2.6325 -2.6011 -2.5729 -2.553 -2.5639 -2.5505 -2.5549 -2.5563 -2.5585 -2.5364 -2.5096 -2.4767 -2.4646 -2.4466 -2.4216 -2.4152 -2.4277 -2.5159 -2.5851 -2.5684 -2.497 -2.4303 -2.393 -2.3702 -2.33 -2.3243 -2.2608 -2.1847 -2.1992 -2.1978
-2.6968 -2.6584 -2.6215 -2.5826 -2.558 -2.5512 -2.5676 -2.5677 -2.5505 -2.5453 -2.5383 -2.5704 -2.5923 -2.626 -2.682 -2.7487 -2.7962 -2.8284 -2.798 -2.7479 -2.6802 -2.6803 -2.6702 -2.7861 -3.0061 -2.9782 -2.7747 -2.7365 -2.6608 -2.6049 -2.5925 -2.6264 -2.6742 -2.6328 -2.5841 -2.5015 -2.4175 -2.3634 -2.3534 -2.369 -2.4008 -2.4153 -2.4128 -2.4295 -2.4297 -2.4279 -2.4484 -2.455 -2.4215 -2.396 -2.4135 -2.4144 -2.4081 -2.3912 -2.4089 -2.4831 -2.5429 -2.5198 -2.4739 -2.4327 -2.4266 -2.3832 -2.3198 -2.2607 -2.2107 -2.1747 -2.1522
-2.7064 -2.7452 -2.6676 -2.613 -2.6649 -2.715 -2.7531 -2.7282 -2.7116 -2.6804 -2.6592 -2.6611 -2.6601 -2.608 -2.5599 -2.6088 -2.5786 -2.5583 -2.5158 -2.4431 -2.366 -2.3279 -2.3212 -2.3188 -2.3412 -2.342 -2.3218 -2.2801 -2.245 -2.2059 -2.1712 -2.1725 -2.1961 -2.1941 -2.1856 -2.1512 -2.1277 -2.121 -2.1242 -2.1449 -2.1696 -2.1979 -2.2196 -2.2269 -2.2286 -2.2431 -2.2792 -2.3196 -2.3459 -2.3623 -2.3619 -2.3601 -2.3647 -2.3756 -2.3639 -2.363 -2.3987 -2.4368 -2.4374 -2.418 -2.3982 -2.3159 -2.2252 -2.1634 -2.1142 -2.0577 -2.0261
-2.5113 -2.615 -2.5804 -2.5522 -2.6659 -2.7021 -2.7412 -2.7208 -2.679 -2.6424 -2.6269 -2.656 -2.7281 -2.7266 -2.725 -2.845 -2.8826 -2.9334 -2.7942 -2.5902 -2.4132 -2.3036 -2.198 -2.2322 -2.2022 -2.1687 -2.1206 -2.0788 -2.0306 -1.9931 -1.9722 -1.9724 -1.9807 -1.9697 -1.984 -1.9888 -1.9724 -1.939 -1.9103 -1.9192 -1.9209 -1.9428 -1.9694 -2.012 -2.0415 -2.0441 -2.0561 -2.0908 -2.1511 -2.198 -2.2588 -2.275 -2.2564 -2.2518 -2.2591 -2.2645 -2.2503 -2.2547 -2.2575 -2.2597 -2.2402 -2.2214 -2.1874 -2.1389 -2.073 -2.0218 -1.9769
-2.4139 -2.5139 -2.4907 -2.5046 -2.6515 -2.7203 -2.6997 -2.6361 -2.5798 -2.5766 -2.5446 -2.5593 -2.6443 -2.755 -2.816 -2.8011 -2.7806 -2.7638 -2.7038 -2.5212 -2.365 -2.2477 -2.1895 -2.2476 -2.2634 -2.2475 -2.2138 -2.1466 -2.1255 -2.1054 -2.0928 -2.0778 -2.0006 -1.9595 -1.9441 -1.9196 -1.9148 -1.8766 -1.8616 -1.8308 -1.7978 -1.7882 -1.7908 -1.8031 -1.8131 -1.8347 -1.85 -1.8866 -1.9268 -2.0027 -2.0764 -2.1331 -2.1268 -2.116 -2.0991 -2.1115 -2.0905 -2.0828 -2.0786 -2.1101 -2.1176 -2.1174 -2.1166 -2.0841 -2.0366 -1.9917 -1.9341
-2.35 -2.4278 -2.4181 -2.4394 -2.6153 -2.667 -2.5973 -2.544 -2.5227 -2.5266 -2.5111 -2.5462 -2.6368 -2.7884 -2.8318 -2.8185 -2.7934 -2.7258 -2.5865 -2.3893 -2.2467 -2.1466 -2.1974 -2.2233 -2.2396 -2.2636 -2.2285 -2.2081 -2.2051 -2.1958 -2.1754 -2.148 -2.0501 -1.9524 -1.9421 -1.9328 -1.8975 -1.8363 -1.8016 -1.7421 -1.6866 -1.6357 -1.6144 -1.6137 -1.6092 -1.6213 -1.6345 -1.6563 -1.6845 -1.7647 -1.817 -1.8609 -1.8825 -1.8801 -1.8856 -1.8916 -1.8703 -1.8834 -1.895 -1.9083 -1.9413 -1.9906 -1.9886 -1.9864 -1.9574 -1.9257 -1.8986
-2.2878 -2.3548 -2.3194 -2.3608 -2.5487 -2.5599 -2.497 -2.5111 -2.491 -2.4856 -2.4863 -2.5382 -2.6769 -2.78 -2.7994 -2.8268 -2.7429 -2.6386 -2.5464 -2.3691 -2.1955 -2.1746 -2.2185 -2.1863 -2.2282 -2.2133 -2.1907 -2.187 -2.1929 -2.1907 -2.1833 -2.1262 -2.0019 -1.9505 -1.9212 -1.8978 -1.8804 -1.8485 -1.794 -1.7311 -1.6544 -1.608 -1.5551 -1.5072 -1.4781 -1.5072 -1.4896 -1.4886 -1.5011 -1.5219 -1.5822 -1.6232 -1.6154 -1.6177 -1.6661 -1.6757 -1.6944 -1.7084 -1.7154 -1.7318 -1.7593 -1.7632 -1.7974 -1.8349 -1.8269 -1.8356 -1.8309
-2.2343 -2.2914 -2.2361 -2.3107 -2.4816 -2.4765 -2.4422 -2.4578 -2.4667 -2.4561 -2.4675 -2.5417 -2.6825 -2.7702 -2.7886 -2.7972 -2.7065 -2.5649 -2.4841 -2.354 -2.2328 -2.1531 -2.1817 -2.1701 -2.2386 -2.1867 -2.1448 -2.1571 -2.1509 -2.1488 -2.147 -2.1124 -1.9837 -1.9411 -1.8953 -1.8743 -1.8647 -1.843 -1.8132 -1.7652 -1.6667 -1.5825 -1.5241 -1.4942 -1.442 -1.4066 -1.4002 -1.407 -1.3969 -1.4165 -1.4336 -1.465 -1.4811 -1.4895 -1.4798 -1.4858 -1.5282 -1.5578 -1.5745 -1.5918 -1.5952 -1.59 -1.6248 -1.6344 -1.6587 -1.6928 -1.7099
-2.1659 -2.2258 -2.1752 -2.2697 -2.4022 -2.4114 -2.4089 -2.4209 -2.4178 -2.4338 -2.4548 -2.5534 -2.6845 -2.7475 -2.7822 -2.748 -2.6722 -2.5533 -2.4766 -2.3447 -2.2008 -2.1408 -2.0965 -2.0663 -2.1165 -2.154 -2.1008 -2.1108 -2.1074 -2.109 -2.1007 -2.0614 -1.967 -1.9426 -1.8827 -1.8576 -1.86 -1.8512 -1.8243 -1.7951 -1.6922 -1.6108 -1.5505 -1.4981 -1.443 -1.402 -1.3575 -1.3196 -1.3101 -1.3885 -1.3276 -1.3407 -1.3743 -1.3962 -1.3972 -1.3718 -1.3849 -1.4013 -1.4302 -1.4659 -1.4941 -1.4898 -1.4905 -1.5077 -1.5247 -1.5322 -1.5878
-2.1061 -2.1343 -2.1089 -2.2096 -2.3116 -2.3106 -2.3375 -2.3386 -2.3738 -2.4138 -2.4453 -2.5808 -2.6799 -2.74 -2.7368 -2.6773 -2.5927 -2.5192 -2.4367 -2.3115 -2.1965 -2.2228 -2.1596 -2.0419 -1.9375 -1.9514 -1.9804 -1.9732 -2.0126 -2.0425 -2.036 -1.9588 -1.9014 -1.8832 -1.8562 -1.8452 -1.8341 -1.8333 -1.8218 -1.801 -1.7386 -1.6562 -1.5697 -1.5312 -1.4564 -1.404 -1.3571 -1.3135 -1.2544 -1.3063 -1.2596 -1.2412 -1.2266 -1.2255 -1.2357 -1.2611 -1.2687 -1.2635 -1.2574 -1.2922 -1.3154 -1.3247 -1.3354 -1.3281 -1.354 -1.395 -1.4073
-2.0535 -2.0709 -2.0603 -2.1427 -2.2269 -2.2482 -2.2512 -2.257 -2.3302 -2.394 -2.463 -2.571 -2.6662 -2.7017 -2.6834 -2.6124 -2.5392 -2.4805 -2.4071 -2.2096 -2.2154 -2.2541 -2.1984 -2.0363 -1.943 -1.9361 -1.9474 -1.85 -1.8169 -1.8308 -1.8659 -1.8375 -1.8228 -1.8258 -1.8118 -1.7947 -1.7881 -1.8026 -1.7954 -1.7822 -1.7345 -1.6889 -1.6091 -1.533 -1.4862 -1.421 -1.3746 -1.3366 -1.2441 -1.2188 -1.208 -1.1788 -1.1731 -1.1265 -1.1065 -1.1311 -1.1521 -1.1679 -1.1719 -1.1409 -1.1514 -1.1551 -1.1789 -1.1706 -1.201 -1.2579 -1.2666
