testcase/results/basin_001.txt
ncols         190 
nrows         93 
xllcorner     4473269 
yllcorner     5543902 
cellsize      5 
NODATA_value  -9999 
[rows 30 to 59 of 93, columns 0 to 66 of 190]
-9999 -9999 -9999 -9999 -9999 -9999 3.726331 5.1277 -1.755404 -4.861118 -5.4282 -5.3925 -5.3083 -5.2235 -5.2149 -5.1932 -5.1289 -5.0535 -4.9793 -4.8044 -4.6122 -5.1064 -5.4852 -4.6618 -4.5528 -4.703 -4.7278 -4.7494 -4.7839 -4.8239 -4.811 -4.7843 -4.7687 -4.7262 -4.6608 -4.6043 -4.6036 -4.604 -4.4526 -4.1806 -4.5854 -5.1542 -4.833 -4.2781 -4.053 -4.0646 -4.1461 -4.0834 -4.0555 -4.0178 -4.026 -4.0392 -4.0477 -3.9958 -4.0055 -4.0488 -3.9281 -3.7662 -3.5623 -3.6529 -4.3084 -3.7907 -3.4488 -3.4699 -3.5335 -3.6114 -3.7005
-9999 -9999 -9999 -9999 -9999 -9999 4.017365 4.8073 -2.340538 -4.861118 -5.2904 -5.3306 -5.3234 -5.2585 -5.2025 -5.1706 -5.1312 -5.0613 -5.0758 -4.994 -4.855 -4.6502 -5.0887 -5.5988 -4.8482 -4.503 -4.5155 -4.6059 -4.5577 -4.6165 -4.7098 -4.7398 -4.736 -4.6723 -4.6081 -4.515 -4.4654 -4.4635 -4.3891 -4.2003 -4.583 -5.2173 -5.007 -4.2539 -4.1739 -4.1003 -4.1214 -4.1237 -4.0938 -4.0946 -4.0836 -4.1075 -4.1033 -4.0462 -4.0699 -4.0895 -4.0033 -3.906 -3.7838 -3.6352 -3.6328 -4.229 -3.7604 -3.4449 -3.4996 -3.6026 -3.7044
-9999 -9999 -9999 -9999 -9999 1.959062 4.432 -0.5851346 -4.7865 -4.933 -5.0062 -5.0527 -5.1321 -5.1653 -5.1443 -5.1063 -5.0945 -5.0638 -5.0129 -4.9392 -4.9002 -4.8699 -4.7313 -4.9647 -5.417 -5.3735 -5.0353 -5.2871 -5.0205 -4.3883 -4.501 -4.6359 -4.5562 -4.5342 -4.4463 -4.3781 -4.3337 -4.311 -4.2767 -4.0972 -4.2426 -4.7058 -4.7416 -4.9988 -4.2024 -4.0988 -4.0702 -4.1295 -4.1651 -4.1903 -4.1402 -4.1737 -4.1291 -4.1393 -4.1301 -4.126 -4.0866 -4.003 -3.9049 -3.8193 -3.6884 -3.5133 -4.0989 -3.8884 -3.447 -3.5798 -3.6932
-9999 -9999 -9999 -9999 -9999 2.327796 4.1962 -1.170269 -4.5178 -4.592 -4.5954 -4.547 -4.6153 -4.7508 -4.8192 -4.7141 -4.6795 -4.6896 -4.6322 -4.5084 -4.4823 -4.6288 -4.7222 -4.6352 -4.5886 -4.8435 -4.8496 -4.8086 -4.9369 -5.2214 -5.37 -5.3006 -5.2215 -4.7065 -4.6809 -4.7272 -5.2206 -5.1912 -5.0764 -5.211 -4.605 -4.158 -4.69 -4.8187 -4.2535 -4.227 -4.0847 -4.0872 -4.2158 -4.2982 -4.2202 -4.1859 -4.2011 -4.2136 -4.2006 -4.1807 -4.1363 -4.0733 -4.0043 -3.9349 -3.8388 -3.6856 -3.4714 -3.9375 -4.0413 -3.4827 -3.4988
-9999 -9999 -9999 -9999 -9999 2.709531 3.9815 -1.755404 -4.2958 -4.3913 -4.3738 -4.295 -4.3166 -4.3438 -4.3516 -4.2864 -4.2562 -4.2665 -4.2488 -4.202 -4.2034 -4.3861 -4.5813 -4.64 -4.6531 -4.6516 -4.7441 -4.7435 -4.6656 -4.591 -4.6764 -4.6178 -4.6715 -4.8393 -4.7412 -5.193 -4.854 -4.4284 -4.2685 -4.6471 -5.1238 -4.9271 -5.0539 -4.3282 -4.2297 -4.184 -4.0674 -4.1011 -4.143 -4.3069 -4.2824 -4.2425 -4.2553 -4.2328 -4.2329 -4.2139 -4.172 -4.1101 -4.0609 -4.001 -3.8922 -3.7788 -3.6553 -3.4696 -3.7214 -4.2036 -3.928
-9999 -9999 -9999 -9999 -9999 3.099465 3.7746 -2.340538 -4.0306 -4.1354 -4.1634 -4.143 -4.176 -4.1491 -4.1206 -4.0932 -4.0641 -4.0781 -4.083 -4.061 -4.0471 -4.1319 -4.3082 -4.4683 -4.5199 -4.5214 -4.5763 -4.6431 -4.7287 -4.7951 -4.6655 -4.5524 -4.4647 -4.4053 -4.3531 -4.3847 -4.3754 -4.4186 -4.3629 -4.2772 -4.3428 -4.568 -4.4461 -4.2774 -4.2804 -4.1968 -4.1495 -4.1151 -4.1979 -4.224 -4.3074 -4.3119 -4.3005 -4.2487 -4.2285 -4.2116 -4.1774 -4.1186 -4.0748 -4.0593 -3.9702 -3.8626 -3.7875 -3.6592 -3.515 -3.512 -4.0326
-9999 -9999 -9999 -9999 1.082962 3.5097 -0.5851346 -3.6499 -3.7558 -3.8803 -3.9598 -3.9852 -3.9941 -3.9896 -3.9655 -3.9458 -3.9353 -3.9344 -3.9564 -3.943 -3.9286 -3.9659 -4.0646 -4.1719 -4.2327 -4.3071 -4.3312 -4.3322 -4.3909 -4.5412 -4.7642 -4.7758 -4.7193 -4.6249 -4.5883 -4.5565 -4.5358 -4.5585 -4.514 -4.4571 -4.3579 -4.2993 -4.2949 -4.2817 -4.2936 -4.2855 -4.2559 -4.1929 -4.1983 -4.2188 -4.2101 -4.3021 -4.3072 -4.2655 -4.245 -4.2371 -4.1405 -4.1121 -4.1253 -4.1106 -4.0216 -3.9365 -3.8799 -3.7653 -3.6825 -3.5629 -3.3635
-9999 -9999 -9999 -9999 1.534596 3.3857 -1.170269 -3.5038 -3.5841 -3.7173 -3.8269 -3.8419 -3.8603 -3.8611 -3.8445 -3.8353 -3.8234 -3.8288 -3.847 -3.8353 -3.8231 -3.84 -3.909 -3.9775 -4.0179 -4.0691 -4.0695 -4.0366 -4.1059 -4.2144 -4.4078 -4.5171 -4.6111 -4.5696 -4.4433 -4.3914 -4.3717 -4.3852 -4.4158 -4.3936 -4.374 -4.3092 -4.343 -4.2766 -4.2718 -4.2655 -4.3074 -4.2438 -4.2362 -4.2304 -4.2097 -4.1801 -4.223 -4.2057 -4.2252 -4.2252 -4.1486 -4.1415 -4.1381 -4.1115 -4.0429 -4.0067 -3.9784 -3.8501 -3.7739 -3.6177 -3.4376
-9999 -9999 -9999 -9999 2.022131 3.2653 -1.755404 -3.3495 -3.3768 -3.5154 -3.6625 -3.7032 -3.7341 -3.751 -3.7401 -3.7311 -3.7272 -3.7357 -3.7424 -3.725 -3.702 -3.7015 -3.7322 -3.7647 -3.8114 -3.8512 -3.8472 -3.8286 -3.789 -3.8629 -4.0095 -4.1371 -4.242 -4.31 -4.2765 -4.1524 -4.0999 -4.0794 -4.0914 -4.0873 -4.1332 -4.2962 -4.345 -4.1885 -4.1835 -4.232 -4.2707 -4.3288 -4.3038 -4.2705 -4.2398 -4.2249 -4.1517 -4.2212 -4.2283 -4.2154 -4.2037 -4.1792 -4.1397 -4.1106 -4.044 -4.0423 -4.0304 -3.9112 -3.7896 -3.6154 -3.4652
-9999 -9999 -9999 -9999 2.483165 3.1337 -2.340538 -3.2198 -3.2064 -3.3361 -3.4951 -3.5676 -3.6022 -3.6221 -3.6316 -3.6314 -3.6294 -3.6358 -3.6458 -3.6338 -3.6081 -3.5856 -3.593 -3.6151 -3.6168 -3.597 -3.5767 -3.648 -3.6152 -3.6273 -3.6851 -3.743 -3.7763 -3.934 -4.0738 -4.0632 -3.951 -3.855 -3.8135 -3.8328 -3.9246 -4.1265 -4.0521 -3.8566 -3.9247 -3.9731 -4.1027 -4.2494 -4.3239 -4.3422 -4.2464 -4.1742 -4.1737 -4.1836 -4.215 -4.1867 -4.1664 -4.1379 -4.1217 -4.0959 -4.0499 -4.0368 -4.0251 -3.9517 -3.8071 -3.6104 -3.4845
-9999 -9999 -9999 0.4589409 2.979 -0.5851346 -3.0951 -3.1059 -3.1083 -3.2311 -3.3713 -3.4574 -3.4933 -3.5074 -3.5235 -3.533 -3.5489 -3.549 -3.5602 -3.5548 -3.5343 -3.508 -3.5125 -3.5072 -3.4813 -3.4537 -3.4229 -3.4356 -3.5035 -3.4822 -3.5116 -3.5125 -3.5427 -3.6508 -3.8595 -3.9477 -3.8456 -3.7367 -3.6781 -3.7366 -3.8638 -3.9753 -3.8252 -3.6515 -3.6449 -3.7043 -3.8078 -4.0114 -4.1752 -4.2916 -4.2502 -4.1417 -4.1486 -4.1691 -4.1719 -4.1974 -4.1444 -4.1301 -4.0728 -4.0338 -4.0125 -4.0135 -3.9782 -3.9713 -3.8408 -3.6368 -3.5385
-9999 -9999 -9999 0.4397616 2.8667 -1.170269 -2.977 -3.0348 -3.064 -3.1436 -3.2649 -3.345 -3.3753 -3.3874 -3.4166 -3.447 -3.4632 -3.4426 -3.4622 -3.4723 -3.4547 -3.4251 -3.4144 -3.3854 -3.3566 -3.3384 -3.2913 -3.2517 -3.2948 -3.3146 -3.3323 -3.3646 -3.3865 -3.462 -3.6383 -3.7806 -3.7454 -3.664 -3.602 -3.6359 -3.7767 -3.8102 -3.6361 -3.4745 -3.451 -3.4428 -3.4876 -3.6539 -3.8679 -4.1584 -4.2225 -4.1894 -4.1957 -4.1548 -4.1372 -4.1409 -4.1725 -4.1195 -4.095 -4.0253 -3.9674 -3.9797 -3.9866 -3.9559 -3.8798 -3.6723 -3.5834
-9999 -9999 -9999 0.9448962 2.7734 -1.755404 -2.8858 -2.9507 -2.9708 -3.0254 -3.121 -3.2019 -3.2338 -3.2788 -3.3206 -3.3453 -3.3692 -3.3605 -3.3823 -3.3918 -3.3727 -3.3487 -3.306 -3.2651 -3.2477 -3.2371 -3.1765 -3.1222 -3.1013 -3.1036 -3.1547 -3.2354 -3.2541 -3.2626 -3.4434 -3.6173 -3.6527 -3.6197 -3.5832 -3.6275 -3.6745 -3.5633 -3.367 -3.3253 -3.3287 -3.3508 -3.3602 -3.3956 -3.5205 -3.7444 -4.0465 -4.1723 -4.1962 -4.1698 -4.1332 -4.1028 -4.066 -4.0835 -4.0446 -4.0306 -3.9773 -3.9528 -3.9623 -3.9368 -3.8753 -3.7236 -3.6544
-9999 -9999 -9999 1.384631 2.6374 -2.340538 -2.7508 -2.8124 -2.8562 -2.8939 -2.9712 -3.0535 -3.1226 -3.1564 -3.1928 -3.227 -3.2569 -3.2603 -3.2893 -3.3074 -3.2714 -3.2306 -3.1987 -3.1249 -3.0935 -3.0747 -3.0183 -2.967 -2.9146 -2.932 -2.9704 -3.0606 -3.1254 -3.1616 -3.293 -3.4542 -3.479 -3.5065 -3.5357 -3.5105 -3.4685 -3.3141 -3.2314 -3.2195 -3.2267 -3.2694 -3.2971 -3.2758 -3.2804 -3.417 -3.5889 -3.8655 -4.066 -4.1104 -4.0734 -4.0501 -4.0608 -4.0242 -4.0349 -4.0244 -4.0017 -3.9848 -3.9492 -3.8517 -3.8536 -3.7988 -3.6259
-9999 -9999 -9999 1.852965 2.4528 -2.430559 -2.4715 -2.5456 -2.6041 -2.652 -2.7357 -2.8359 -2.9071 -2.9516 -3.0029 -3.0378 -3.0913 -3.1373 -3.1895 -3.2044 -3.1817 -3.1282 -3.0759 -3.004 -2.9262 -2.8574 -2.8131 -2.7663 -2.731 -2.7451 -2.7693 -2.8176 -2.9387 -3.0161 -3.1078 -3.23 -3.324 -3.3605 -3.3505 -3.2875 -3.1928 -3.1068 -3.0785 -3.0823 -3.0985 -3.1513 -3.1703 -3.1518 -3.1884 -3.2521 -3.3216 -3.4187 -3.5311 -3.6766 -3.831 -3.917 -3.9766 -4.0326 -4.0795 -4.0522 -4.0091 -3.9627 -3.927 -3.8377 -3.7073 -3.5707 -3.3367
-9999 -9999 -9999 2.2477 -0.5851346 -2.2862 -2.3183 -2.3632 -2.3706 -2.4018 -2.46 -2.536 -2.5985 -2.6261 -2.6645 -2.7235 -2.7821 -2.8645 -2.9299 -2.9394 -2.9585 -2.9457 -2.8757 -2.8274 -2.7685 -2.6674 -2.5903 -2.5274 -2.5399 -2.5605 -2.5809 -2.5744 -2.7291 -2.8508 -2.9696 -3.0733 -3.1754 -3.1768 -3.1048 -3.0443 -2.9923 -2.948 -2.9516 -2.9514 -2.9757 -3.0251 -3.0292 -3.0746 -3.1457 -3.2019 -3.1926 -3.2033 -3.2212 -3.2905 -3.4108 -3.5246 -3.6721 -3.8016 -3.9033 -3.9212 -3.887 -3.8232 -3.7688 -3.6835 -3.5774 -3.4486 -3.2674
-9999 -9999 0.4323962 2.1241 -1.170269 -2.1965 -2.2375 -2.3545 -2.444 -2.4568 -2.4207 -2.4282 -2.3778 -2.3662 -2.355 -2.3739 -2.4015 -2.4543 -2.502 -2.5251 -2.5258 -2.5197 -2.4556 -2.4053 -2.3812 -2.3505 -2.3019 -2.2925 -2.3204 -2.3876 -2.3884 -2.3372 -2.4614 -2.6096 -2.7597 -2.8438 -2.8875 -2.9045 -2.8625 -2.8461 -2.8374 -2.8344 -2.8337 -2.8565 -2.8536 -2.8959 -2.9078 -2.9963 -3.048 -3.0762 -3.0813 -3.0689 -3.0505 -3.0661 -3.1448 -3.1932 -3.2686 -3.3735 -3.5431 -3.6392 -3.622 -3.5885 -3.5406 -3.4618 -3.4007 -3.3394 -3.1926
-9999 -9999 0.7593308 1.88 -1.755404 -1.9454 -1.9949 -2.0747 -2.119 -2.0808 -2.1303 -2.2163 -2.3219 -2.3838 -2.4669 -2.5139 -2.5422 -2.5419 -2.5154 -2.5147 -2.4823 -2.4555 -2.4188 -2.3694 -2.2965 -2.2487 -2.2061 -2.2103 -2.209 -2.1983 -2.1771 -2.1767 -2.2015 -2.2607 -2.3603 -2.4627 -2.5127 -2.5692 -2.6125 -2.6363 -2.6581 -2.6654 -2.6829 -2.7227 -2.7495 -2.7664 -2.8012 -2.8391 -2.8853 -2.9019 -2.9136 -2.913 -2.949 -2.9742 -3.0065 -3.0122 -3.0212 -3.0441 -3.0909 -3.1518 -3.2102 -3.2393 -3.2607 -3.2047 -3.109 -3.1218 -3.0401
-9999 -9999 1.122865 1.6283 -1.6426 -1.7064 -1.7739 -1.8442 -1.8659 -1.8939 -1.8803 -1.9551 -2.0413 -2.131 -2.2163 -2.2792 -2.368 -2.4073 -2.4698 -2.4762 -2.4321 -2.3949 -2.3207 -2.2074 -2.0737 -1.9786 -1.9334 -1.9197 -1.8915 -1.8808 -1.9395 -1.9654 -2.0348 -2.1782 -2.3828 -2.544 -2.4933 -2.4736 -2.494 -2.5375 -2.5595 -2.5706 -2.5546 -2.5698 -2.6023 -2.6245 -2.6374 -2.6571 -2.6885 -2.6973 -2.7213 -2.7648 -2.7795 -2.7836 -2.7777 -2.8167 -2.8453 -2.8562 -2.864 -2.8911 -2.9626 -3.0122 -3.0368 -3.0162 -2.9403 -2.9125 -2.8948
-9999 -9999 1.4526 -0.5851346 -1.4317 -1.4697 -1.5605 -1.6489 -1.6854 -1.6997 -1.66 -1.6748 -1.726 -1.8284 -1.9055 -1.9562 -1.9979 -2.0065 -2.0405 -2.0516 -2.0078 -1.9984 -1.9749 -1.9162 -1.7951 -1.6958 -1.6536 -1.6522 -1.6441 -1.6222 -1.6443 -1.6466 -1.7767 -2.0202 -2.3918 -2.6187 -2.5093 -2.3505 -2.3402 -2.3421 -2.3698 -2.4031 -2.4374 -2.5025 -2.5229 -2.5243 -2.5256 -2.5377 -2.566 -2.6125 -2.6448 -2.6712 -2.6782 -2.675 -2.6869 -2.7046 -2.723 -2.7628 -2.7712 -2.778 -2.8132 -2.8102 -2.8025 -2.7669 -2.7675 -2.7479 -2.7355
-9999 -9999 1.2064 -1.170269 -1.1942 -1.2427 -1.3504 -1.4383 -1.4782 -1.4566 -1.4268 -1.3923 -1.4369 -1.4817 -1.5129 -1.55 -1.6009 -1.6508 -1.7036 -1.7503 -1.7713 -1.7691 -1.7607 -1.7381 -1.6689 -1.6004 -1.5327 -1.5346 -1.5287 -1.5027 -1.5184 -1.5233 -1.6208 -1.8558 -2.2258 -2.4812 -2.4165 -2.2105 -2.1566 -2.1616 -2.1972 -2.2225 -2.2588 -2.3149 -2.323 -2.3299 -2.3508 -2.366 -2.3675 -2.4085 -2.4446 -2.4848 -2.5241 -2.5722 -2.6177 -2.6701 -2.707 -2.7459 -2.7534 -2.7636 -2.7504 -2.7299 -2.7204 -2.7447 -2.7615 -2.7828 -2.7508
-9999 -9999 0.8771 -0.9461 -0.901 -0.924 -1.0106 -1.0834 -1.1133 -1.097 -1.051 -0.9844 -1.0579 -1.1547 -1.2259 -1.262 -1.3448 -1.4148 -1.4741 -1.526 -1.5477 -1.5478 -1.5677 -1.5752 -1.5476 -1.4822 -1.3664 -1.391 -1.4033 -1.3772 -1.4015 -1.409 -1.435 -1.6041 -1.929 -2.1782 -2.2053 -2.0765 -1.9682 -1.9771 -2.015 -2.0339 -2.0846 -2.1198 -2.1184 -2.1444 -2.1727 -2.2008 -2.2224 -2.2351 -2.2623 -2.2944 -2.306 -2.3418 -2.3866 -2.444 -2.5162 -2.5707 -2.6202 -2.6404 -2.6885 -2.6469 -2.5807 -2.6066 -2.6166 -2.5777 -2.6292
-9999 0.007965404 0.5341 -0.6264 -0.5979 -0.6054 -0.6688 -0.7107 -0.7382 -0.7575 -0.757 -0.693 -0.8273 -1.0004 -1.089 -1.1347 -1.1895 -1.2378 -1.2941 -1.354 -1.3657 -1.3774 -1.4066 -1.4139 -1.4027 -1.3468 -1.2295 -1.2503 -1.2885 -1.2616 -1.2669 -1.2925 -1.2968 -1.3872 -1.6307 -1.8602 -1.9503 -1.9314 -1.8055 -1.8071 -1.8348 -1.8646 -1.936 -1.9266 -1.9325 -1.9645 -1.9827 -2.0067 -2.0527 -2.0556 -2.0913 -2.1232 -2.1402 -2.167 -2.2269 -2.2776 -2.3597 -2.4273 -2.4889 -2.5218 -2.5837 -2.5206 -2.4631 -2.4746 -2.4712 -2.3945 -2.4363
-9999 0.2434 -0.2186 -0.3246 -0.2915 -0.2893 -0.3445 -0.3772 -0.415 -0.4646 -0.5228 -0.5445 -0.7198 -0.873 -0.9439 -0.9942 -1.0443 -1.091 -1.1365 -1.1789 -1.2083 -1.2144 -1.2335 -1.244 -1.2452 -1.1998 -1.1037 -1.0876 -1.1489 -1.1385 -1.1097 -1.114 -1.092 -1.1941 -1.3941 -1.5426 -1.6748 -1.691 -1.6393 -1.6481 -1.672 -1.7033 -1.7638 -1.7552 -1.7354 -1.7651 -1.7945 -1.8229 -1.8694 -1.896 -1.91 -1.9332 -1.9546 -2.001 -2.0736 -2.1262 -2.2129 -2.2903 -2.3554 -2.4061 -2.4458 -2.3796 -2.3577 -2.3397 -2.3219 -2.303 -2.3494
-9999 -9999 -9999 -9999 -9999 -9999 -0.0556 -0.0917 -0.1602 -0.2504 -0.3512 -0.4665 -0.6187 -0.7341 -0.7911 -0.8357 -0.8702 -0.9238 -0.9654 -0.9923 -1.0142 -1.0127 -1.0208 -1.0434 -1.0418 -1.0138 -0.9487 -0.915 -0.9783 -0.9797 -0.925 -0.8866 -0.8959 -0.9013 -1.1311 -1.3062 -1.4096 -1.4405 -1.4637 -1.4761 -1.4766 -1.5192 -1.5284 -1.5235 -1.5432 -1.564 -1.6029 -1.6329 -1.6672 -1.6977 -1.716 -1.7231 -1.7524 -1.8238 -1.9183 -1.9847 -2.0736 -2.1551 -2.2267 -2.2951 -2.3019 -2.2283 -2.2199 -2.2117 -2.2149 -2.2257 -2.2767
-9999 -9999 -9999 -9999 -9999 -9999 -9999 -9999 -9999 -0.0686 -0.189 -0.3396 -0.4639 -0.5529 -0.6119 -0.6588 -0.6934 -0.7417 -0.763 -0.7907 -0.8092 -0.8106 -0.8062 -0.8157 -0.8217 -0.8143 -0.7724 -0.7466 -0.7824 -0.8026 -0.7306 -0.6855 -0.6131 -0.6836 -0.8393 -1.0776 -1.1886 -1.2223 -1.2423 -1.296 -1.2992 -1.3222 -1.2929 -1.2863 -1.327 -1.3599 -1.4104 -1.4428 -1.4734 -1.4828 -1.5205 -1.5464 -1.5274 -1.647 -1.7277 -1.8208 -1.9266 -2.0156 -2.0948 -2.1698 -2.1719 -2.061 -2.0697 -2.1306 -2.149 -2.1653 -2.2274
-9999 -9999 -9999 -9999 -9999 -9999 -9999 -9999 -9999 -9999 -9999 -0.1729 -0.2739 -0.3721 -0.4268 -0.4813 -0.5158 -0.5575 -0.5688 -0.5834 -0.594 -0.6217 -0.628 -0.6262 -0.6262 -0.6133 -0.6209 -0.6087 -0.6106 -0.6495 -0.5897 -0.516 -0.381 -0.4899 -0.5881 -0.8073 -0.9207 -0.9836 -1.0094 -1.0529 -1.0989 -1.1106 -1.0833 -1.0871 -1.1217 -1.1707 -1.2163 -1.2602 -1.3084 -1.3337 -1.3293 -1.4006 -1.4038 -1.4571 -1.5418 -1.643 -1.7589 -1.8711 -1.9676 -2.066 -2.0668 -1.9712 -2.0206 -2.082 -2.0723 -2.1054 -2.161
-9999 -9999 -9999 -9999 -9999 -9999 -9999 -9999 -9999 -9999 -9999 -9999 -0.1021 -0.2054 -0.2647 -0.3163 -0.3422 -0.3764 -0.4045 -0.432 -0.4134 -0.4327 -0.443 -0.4384 -0.4439 -0.4543 -0.4618 -0.4654 -0.441 -0.5005 -0.4564 -0.3647 -0.2044 -0.3574 -0.3852 -0.5368 -0.67 -0.7324 -0.7875 -0.8441 -0.8752 -0.9121 -0.9048 -0.9212 -0.9462 -1.0066 -1.0322 -1.1058 -1.1647 -1.1748 -1.2192 -1.2764 -1.3046 -1.3013 -1.3576 -1.4712 -1.6227 -1.7439 -1.8279 -1.9334 -1.9416 -1.9183 -2.0029 -2.0373 -2.0274 -2.0656 -2.1034
-9999 -9999 -9999 -9999 -9999 -9999 -9999 -9999 -9999 -9999 -9999 -9999 -9999 -9999 -9999 -0.0823 -0.1142 -0.1548 -0.1972 -0.2169 -0.2085 -0.2182 -0.2128 -0.2074 -0.2282 -0.2369 -0.2561 -0.2695 -0.2364 -0.2542 -0.2503 -0.1757 -9999 -0.2242 -0.2367 -0.2463 -0.3122 -0.4042 -0.5019 -0.5751 -0.6316 -0.6677 -0.6995 -0.7266 -0.7472 -0.8112 -0.8509 -0.9185 -0.9887 -1.023 -1.0834 -1.1087 -1.1426 -1.1942 -1.1744 -1.2426 -1.4352 -1.5891 -1.6816 -1.8165 -1.8189 -1.856 -1.9269 -1.9501 -1.9773 -2.025 -2.0647
-9999 -9999 -9999 -9999 -9999 -9999 -9999 -9999 -9999 -9999 -9999 -9999 -9999 -9999 -9999 -9999 -9999 -9999 -9999 -9999 -9999 -0.0533 -9999 -9999 -9999 -9999 -0.0556 -0.0695 -9999 -9999 -9999 -9999 -9999 -9999 -9999 -9999 -9999 -0.066 -0.116 -0.241 -0.336 -0.4137 -0.4876 -0.5396 -0.5524 -0.5927 -0.671 -0.7459 -0.8185 -0.8578 -0.9348 -0.9882 -1.0154 -1.0819 -1.0975 -1.0774 -1.2648 -1.4048 -1.5366 -1.6916 -1.7144 -1.7861 -1.8297 -1.8607 -1.8989 -1.9556 -1.9837
