testcase/results/basin_001.txt
ncols         190 
nrows         93 
xllcorner     4473269 
yllcorner     5543902 
cellsize      5 
NODATA_value  -9999 
[rows 0 to 29 of 93, columns 0 to 66 of 190]
-9999 -9999 -9999 -9999 -9999 -9999 -9999 -9999 -9999 -9999 -9999 -9999 -9999 -9999 -9999 -9999 -9999 -9999 -9999 -9999 -9999 -9999 -9999 -9999 -9999 -9999 -9999 -9999 -9999 -9999 -9999 -9999 -9999 -9999 -9999 -9999 -9999 -9999 -9999 -9999 -9999 -9999 -9999 -9999 -9999 -9999 -9999 -9999 -9999 -9999 -9999 -9999 -9999 -9999 -9999 -9999 -9999 -9999 -9999 -9999 -9999 -9999 -9999 -9999 -9999 -9999 -9999
-9999 -9999 -9999 -9999 -9999 -9999 -9999 -9999 -9999 -9999 -9999 -9999 -9999 -9999 0.3287 -0.2001 -0.0871 -9999 -9999 -9999 -9999 -9999 -9999 -9999 -9999 -9999 -9999 -9999 -9999 -9999 -9999 -9999 -9999 -9999 -9999 -9999 -9999 -9999 -9999 -9999 -9999 -9999 -9999 -9999 -9999 -9999 -9999 -9999 -9999 -9999 -9999 -9999 -9999 -9999 -9999 -9999 -9999 -9999 -9999 -9999 -9999 -9999 -9999 -9999 -9999 -9999 -9999
-9999 -9999 -9999 -9999 -9999 -9999 -9999 -9999 -9999 -9999 -9999 -9999 -9999 0.9784 -0.5851346 -0.6573 -0.5326 -0.4064 -0.2611 -0.0757 -9999 -9999 -9999 -9999 -9999 -9999 -9999 -9999 -9999 -9999 -9999 -9999 -9999 -9999 -9999 -9999 -9999 -9999 -9999 -9999 -9999 -9999 -9999 -9999 -9999 -9999 -9999 -9999 -9999 -9999 -9999 -9999 -9999 -9999 -9999 -9999 -9999 -9999 -9999 -9999 -9999 -9999 -9999 -9999 -9999 -9999 -9999
-9999 -9999 -9999 -9999 -9999 -9999 -9999 -9999 -9999 -9999 -9999 -9999 -9999 1.4271 -1.170269 -1.0872 -0.9214 -0.7852 -0.653 -0.4846 -0.2606 -9999 -9999 -9999 -9999 -9999 -9999 -9999 -9999 -9999 -9999 -9999 -9999 -9999 -9999 -9999 -9999 -9999 -9999 -9999 -9999 -9999 -9999 -9999 -9999 -9999 -9999 -9999 -9999 -9999 -9999 -9999 -9999 -9999 -9999 -9999 -9999 -9999 -9999 -9999 -9999 -9999 -9999 -9999 -9999 -9999 -9999
-9999 -9999 -9999 -9999 -9999 -9999 -9999 -9999 -9999 -9999 -9999 -9999 0.9110308 1.9364 -1.7372 -1.5552 -1.3766 -1.2042 -1.0688 -0.9079 -0.6939 -0.4374 -0.1609 -9999 -9999 -9999 -9999 -9999 -9999 -9999 -9999 -9999 -9999 -9999 -9999 -9999 -9999 -9999 -9999 -9999 -9999 -9999 -9999 -9999 -9999 -9999 -9999 -9999 -9999 -9999 -9999 -9999 -9999 -9999 -9999 -9999 -9999 -9999 -9999 -9999 -9999 -9999 -9999 -9999 -9999 -9999 -9999
-9999 -9999 -9999 -9999 -9999 -9999 -9999 -9999 -9999 -9999 -9999 -9999 1.924065 2.3453 -2.1416 -1.9334 -1.7204 -1.5592 -1.4284 -1.2794 -1.0759 -0.8237 -0.5464 -0.2571 -9999 -9999 -9999 -9999 -9999 -9999 -9999 -9999 -9999 -9999 -9999 -9999 -9999 -9999 -9999 -9999 -9999 -9999 -9999 -9999 -9999 -9999 -9999 -9999 -9999 -9999 -9999 -9999 -9999 -9999 -9999 -9999 -9999 -9999 -9999 -9999 -9999 -9999 -9999 -9999 -9999 -9999 -9999
-9999 -9999 -9999 -9999 -9999 -9999 -9999 -9999 -9999 -9999 -9999 0.8992616 3.0546 -0.5851346 -2.6059 -2.3659 -2.1373 -1.9445 -1.8088 -1.6966 -1.5216 -1.2901 -1.0153 -0.733 -0.4445 -0.1495 -9999 -9999 -9999 -9999 -9999 -9999 -9999 -9999 -9999 -9999 -9999 -9999 -9999 -9999 -9999 -9999 -9999 -9999 -9999 -9999 -9999 -9999 -9999 -9999 -9999 -9999 -9999 -9999 -9999 -9999 -9999 -9999 -9999 -9999 -9999 -9999 -9999 -9999 -9999 -9999 -9999
-9999 -9999 -9999 -9999 -9999 -9999 -9999 -9999 -9999 -9999 -9999 1.859296 3.4823 -1.170269 -3.0251 -2.7512 -2.4801 -2.2854 -2.1352 -2.0254 -1.8806 -1.686 -1.4353 -1.167 -0.8781 -0.5733 -0.3046 -9999 -9999 -9999 -9999 -9999 -9999 -9999 -9999 -9999 -9999 -9999 -9999 -9999 -9999 -9999 -9999 -9999 -9999 -9999 -9999 -9999 -9999 -9999 -9999 -9999 -9999 -9999 -9999 -9999 -9999 -9999 -9999 -9999 -9999 -9999 -9999 -9999 -9999 -9999 -9999
-9999 -9999 -9999 -9999 -9999 -9999 -9999 -9999 -9999 -9999 -9999 2.928431 3.9105 -1.755404 -3.414 -3.1691 -2.9214 -2.6813 -2.4679 -2.3455 -2.2323 -2.0861 -1.8984 -1.6688 -1.3996 -1.1005 -0.8124 -0.5321 -0.2848 -9999 -9999 -9999 -9999 -9999 -9999 -9999 -9999 -9999 -9999 -9999 -9999 -9999 -9999 -9999 -9999 -9999 -9999 -9999 -9999 -9999 -9999 -9999 -9999 -9999 -9999 -9999 -9999 -9999 -9999 -9999 -9999 -9999 -9999 -9999 -9999 -9999 -9999
-9999 -9999 -9999 -9999 -9999 -9999 -9999 -9999 -9999 -9999 -9999 4.091565 4.4335 -2.340538 -3.8145 -3.5408 -3.2793 -3.0808 -2.9452 -2.8143 -2.6754 -2.5046 -2.3489 -2.1709 -1.967 -1.7166 -1.4164 -1.107 -0.8222 -0.5691 -0.3496 -0.1347 -9999 -9999 -9999 -9999 -9999 -9999 -9999 -9999 -9999 -9999 -9999 -9999 -9999 -9999 -9999 -9999 -9999 -9999 -9999 -9999 -9999 -9999 -9999 -9999 -9999 -9999 -9999 -9999 -9999 -9999 -9999 -9999 -9999 -9999 -9999
-9999 -9999 -9999 -9999 -9999 -9999 -9999 -9999 -9999 0.1853818 2.682941 5.0685 -0.5851346 -4.6021 -4.2388 -3.9339 -3.6653 -3.433 -3.2719 -3.1862 -3.0924 -2.9643 -2.782 -2.5963 -2.3721 -2.2053 -1.9485 -1.6298 -1.3398 -1.066 -0.839 -0.6062 -0.3485 -0.0776 -9999 -9999 -9999 -9999 -9999 -9999 -9999 -9999 -9999 -9999 -9999 -9999 -9999 -9999 -9999 -9999 -9999 -9999 -9999 -9999 -9999 -9999 -9999 -9999 -9999 -9999 -9999 -9999 -9999 -9999 -9999 -9999 -9999
-9999 -9999 -9999 -9999 -9999 -9999 -9999 -9999 -9999 0.6197818 3.039162 5.3114 -1.170269 -4.861118 -4.8405 -4.5165 -4.2079 -3.9418 -3.747 -3.6251 -3.5212 -3.4199 -3.3033 -3.1457 -2.9534 -2.7502 -2.5042 -2.2487 -1.9215 -1.626 -1.3887 -1.1556 -0.8814 -0.5955 -0.2937 -9999 -9999 -9999 -9999 -9999 -9999 -9999 -9999 -9999 -9999 -9999 -9999 -9999 -9999 -9999 -9999 -9999 -9999 -9999 -9999 -9999 -9999 -9999 -9999 -9999 -9999 -9999 -9999 -9999 -9999 -9999 -9999
-9999 -9999 -9999 -9999 -9999 -9999 -9999 -9999 -9999 0.8066818 3.795596 5.4062 -1.755404 -4.861118 -5.1814 -5.0192 -4.7931 -4.5317 -4.2784 -4.091 -3.9446 -3.8203 -3.7053 -3.5683 -3.4146 -3.2437 -3.046 -2.7831 -2.4535 -2.171 -1.9041 -1.6547 -1.3866 -1.0974 -0.792 -0.4733 -0.1572 -9999 -9999 -9999 -9999 -9999 -9999 -9999 -9999 -9999 -9999 -9999 -9999 -9999 -9999 -9999 -9999 -9999 -9999 -9999 -9999 -9999 -9999 -9999 -9999 -9999 -9999 -9999 -9999 -9999 -9999
-9999 -9999 -9999 -9999 -9999 -9999 -9999 -9999 -9999 0.9256818 4.502131 5.5317 -2.340538 -4.861118 -5.3576 -5.2584 -5.1709 -5.0588 -4.9298 -4.7299 -4.514 -4.3251 -4.1949 -4.0843 -3.9424 -3.7788 -3.5844 -3.3671 -3.1099 -2.8061 -2.5454 -2.2722 -2.0085 -1.7297 -1.4226 -1.1109 -0.786 -0.4639 -0.1061 -9999 -9999 -9999 -9999 -9999 -9999 -9999 -9999 -9999 -9999 -9999 -9999 -9999 -9999 -9999 -9999 -9999 -9999 -9999 -9999 -9999 -9999 -9999 -9999 -9999 -9999 -9999 -9999
-9999 -9999 -9999 -9999 -9999 -9999 -9999 -9999 -9999 0.9771818 5.166265 5.6661 -2.430559 -4.861118 -5.4957 -5.4591 -5.4074 -5.3259 -5.2323 -5.1315 -5.0022 -4.797 -4.6175 -4.4857 -4.3648 -4.2178 -4.024 -3.7939 -3.5711 -3.3249 -3.0779 -2.8473 -2.5791 -2.2762 -1.9927 -1.6814 -1.342 -1.0253 -0.6628 -0.2654 -9999 -9999 -9999 -9999 -9999 -9999 -9999 -9999 -9999 -9999 -9999 -9999 -9999 -9999 -9999 -9999 -9999 -9999 -9999 -9999 -9999 -9999 -9999 -9999 -9999 -9999 -9999
-9999 -9999 -9999 -9999 -9999 -9999 -9999 -9999 0.9980818 3.480562 5.7604 -0.5851346 -4.861118 -5.636 -5.5943 -5.5585 -5.5153 -5.4618 -5.379 -5.3047 -5.1576 -5.0184 -4.966 -4.9176 -4.8062 -4.6672 -4.4896 -4.272 -4.0541 -3.8591 -3.6719 -3.4836 -3.2638 -3.0021 -2.697 -2.385 -2.0624 -1.7288 -1.368 -0.9556 -0.539 -0.1371 -9999 -9999 -9999 -9999 -9999 -9999 -9999 -9999 -9999 -9999 -9999 -9999 -9999 -9999 -9999 -9999 -9999 -9999 -9999 -9999 -9999 -9999 -9999 -9999 -9999
-9999 -9999 -9999 -9999 -9999 -9999 -9999 -9999 0.8249818 3.995096 5.7068 -1.170269 -4.861118 -5.633 -5.5962 -5.5743 -5.5493 -5.5068 -5.4417 -5.3919 -5.2769 -5.0944 -5.0442 -4.9835 -4.9135 -4.8542 -4.7946 -4.6642 -4.4837 -4.3046 -4.1734 -4.0292 -3.8402 -3.6012 -3.3377 -3.0852 -2.7789 -2.447 -2.0857 -1.7007 -1.3084 -0.9435 -0.6049 -0.2974 -9999 -9999 -9999 -9999 -9999 -9999 -9999 -9999 -9999 -9999 -9999 -9999 -9999 -9999 -9999 -9999 -9999 -9999 -9999 -9999 -9999 -9999 -9999
-9999 -9999 -9999 -9999 -9999 -9999 -9999 -9999 0.5011818 4.333131 5.5912 -1.755404 -4.861118 -5.5872 -5.5781 -5.5575 -5.5415 -5.5164 -5.4767 -5.426 -5.3359 -5.1786 -5.1603 -5.1574 -5.0938 -5.0091 -4.9082 -4.8346 -4.7298 -4.6331 -4.5243 -4.4403 -4.3327 -4.1644 -3.9451 -3.7163 -3.4968 -3.228 -2.9302 -2.572 -2.1757 -1.8538 -1.5322 -1.191 -0.8334 -0.5378 -0.469 -9999 -9999 -9999 -9999 -9999 -9999 -9999 -9999 -9999 -9999 -9999 -9999 -9999 -9999 -9999 -9999 -9999 -9999 -9999 -9999
-9999 -9999 -9999 -9999 -9999 -9999 -9999 -9999 0.2389818 4.676765 5.4468 -2.340538 -4.861118 -5.537 -5.5068 -5.4791 -5.4705 -5.4752 -5.4605 -5.4384 -5.3829 -5.2427 -5.2222 -5.2264 -5.2188 -5.1949 -5.1453 -5.0773 -5.0017 -4.9108 -4.8214 -4.7214 -4.6067 -4.5111 -4.3625 -4.2002 -4.0545 -3.8779 -3.6301 -3.3789 -3.0876 -2.7548 -2.4224 -2.0409 -1.6199 -1.3578 -1.3426 -1.0158 -0.7314 -0.8434 -1.1251 -0.6271 -0.3142 -0.0584 -9999 -9999 -9999 -9999 -9999 -9999 -9999 -9999 -9999 -9999 -9999 -9999 -9999
-9999 -9999 -9999 -9999 -9999 -9999 -9999 1.244082 3.285062 5.0973 -0.5851346 -4.861118 -5.4262 -5.4441 -5.4617 -5.4426 -5.4015 -5.4024 -5.4112 -5.3973 -5.36 -5.2992 -5.2783 -5.2373 -5.2303 -5.2137 -5.1792 -5.1208 -5.0752 -5.0214 -4.9758 -4.9462 -4.866 -4.8003 -4.6925 -4.5378 -4.3841 -4.2786 -4.1499 -3.9834 -3.7667 -3.4973 -3.1952 -2.8005 -2.3575 -2.1162 -2.2202 -2.1565 -2.3593 -3.3983 -3.6787 -3.5174 -3.0038 -2.5977 -1.8153 -0.6685 -0.1406 -9999 -9999 -9999 -9999 -9999 -9999 -9999 -9999 -9999 -9999
-9999 -9999 -9999 -9999 -9999 -9999 -9999 0.6590818 4.314596 5.5431 -1.170269 -4.861118 -5.3504 -5.3828 -5.3918 -5.3645 -5.3541 -5.3624 -5.3604 -5.3524 -5.3656 -5.317 -5.2979 -5.2446 -5.2288 -5.2073 -5.1733 -5.1195 -5.0809 -5.0517 -5.0156 -4.9892 -4.925 -4.8795 -4.8646 -4.7843 -4.6735 -4.574 -4.4772 -4.2797 -4.1079 -3.9342 -3.6625 -3.3086 -2.9308 -2.6726 -2.7955 -2.9172 -3.744 -4.6006 -4.4258 -4.4139 -4.331 -4.0935 -3.4185 -2.2424 -1.2189 -0.9595 -0.6578 -0.4193 -0.2129 -0.059 -9999 -9999 -9999 -9999 -9999
-9999 -9999 -9999 -9999 -9999 -9999 -9999 0.3982818 4.058931 6 -1.755404 -4.861118 -5.2597 -5.2756 -5.227 -5.1408 -5.155 -5.2228 -5.2115 -5.2104 -5.2342 -5.2375 -5.2672 -5.2471 -5.2406 -5.2183 -5.1776 -5.1661 -5.1172 -5.0763 -5.0434 -5.0017 -4.9501 -4.9303 -4.9065 -4.8703 -4.8456 -4.8097 -4.7547 -4.6428 -4.4667 -4.2581 -4.0132 -3.7086 -3.4102 -3.2457 -3.4024 -3.653 -4.7079 -3.9518 -3.7355 -3.6804 -3.7566 -4.5745 -4.0296 -3.519 -2.6083 -2.2859 -1.9858 -1.7285 -1.5128 -1.3288 -1.2161 -1.1315 -1.0598 -1.0459 -1.0172
-9999 -9999 -9999 -9999 -9999 -9999 -9999 0.4311818 4.519065 5.9238 -2.340538 -4.861118 -5.1653 -5.119 -4.9869 -4.9144 -4.9132 -4.9997 -5.078 -5.0682 -5.1505 -5.1838 -5.2088 -5.2363 -5.2442 -5.2103 -5.1493 -5.1327 -5.1074 -5.0636 -5.0358 -5.0256 -4.9966 -4.9445 -4.9069 -4.8702 -4.8504 -4.8284 -4.7991 -4.7316 -4.6562 -4.5573 -4.3726 -4.093 -3.7784 -3.6859 -3.7662 -4.1502 -4.7039 -3.8833 -3.8739 -3.9165 -3.9758 -4.6302 -4.1881 -3.9136 -3.6274 -3.4198 -3.1041 -2.858 -2.6497 -2.4597 -2.3288 -2.2442 -2.1862 -2.176 -2.1464
-9999 -9999 -9999 -9999 -9999 -9999 0.5918818 2.879141 5.0763 -0.5851346 -4.861118 -5.0386 -5.0528 -4.972 -4.8086 -4.7613 -4.7881 -4.846 -4.9717 -4.9672 -5.0621 -5.0787 -5.1087 -5.187 -5.2188 -5.198 -5.1322 -5.1226 -5.0877 -5.059 -5.0212 -4.9991 -4.9855 -4.9377 -4.8892 -4.8544 -4.8407 -4.8225 -4.7886 -4.7431 -4.6722 -4.5895 -4.4802 -4.3053 -4.0584 -3.9607 -3.9078 -4.4985 -4.3659 -3.8051 -3.7641 -3.7641 -3.8608 -4.553 -4.0414 -3.9739 -4.015 -3.864 -3.7217 -3.5573 -3.4135 -3.2643 -3.1616 -3.0883 -3.0167 -2.9461 -2.8717
-9999 -9999 -9999 -9999 -9999 -9999 0.5254818 2.933862 5.1002 -1.170269 -4.861118 -4.9461 -4.9167 -4.8383 -5.6206 -5.6943 -5.5822 -4.8626 -4.7355 -4.7559 -4.6964 -4.7801 -4.906 -5.0729 -5.1597 -5.1228 -5.0939 -5.1176 -5.0962 -5.0351 -5.0131 -4.9652 -4.9592 -4.9692 -4.9359 -4.8584 -4.8448 -4.8312 -4.7982 -4.7444 -4.6701 -4.591 -4.5124 -4.4524 -4.3096 -4.1263 -3.9316 -4.6312 -4.0317 -3.7727 -3.795 -3.7296 -3.7717 -4.5313 -4.0718 -3.8353 -3.9645 -4.0263 -3.9777 -3.8964 -3.8356 -3.8245 -3.8302 -3.7897 -3.7134 -3.6293 -3.5098
-9999 -9999 -9999 -9999 -9999 -9999 0.4639818 3.571896 5.2392 -1.755404 -4.861118 -4.9672 -4.8433 -4.8192 -5.7212 -5.7057 -5.6383 -5.5993 -5.6116 -5.7989 -5.6799 -4.878 -4.6619 -4.9672 -5.0907 -5.0861 -5.1012 -5.0617 -5.0193 -4.9844 -4.9756 -4.9489 -4.9338 -4.926 -4.9065 -4.8642 -4.8398 -4.8099 -4.7655 -4.7026 -4.6516 -4.5926 -4.5351 -4.4636 -4.2861 -4.0996 -4.0033 -4.8485 -3.9389 -3.9004 -3.824 -3.7777 -3.6948 -3.8806 -4.5949 -3.626 -3.6873 -3.7539 -3.9164 -3.9751 -3.9488 -3.9503 -3.9541 -3.9294 -3.8992 -3.8723 -3.7517
-9999 -9999 -9999 -9999 -9999 -9999 0.5268818 4.108331 5.2938 -2.340538 -4.861118 -5.6281 -5.3027 -5.1321 -5.7094 -5.0271 -4.7754 -4.8374 -4.9225 -5.1596 -5.851 -5.1632 -4.6254 -4.9372 -5.0625 -5.1166 -5.085 -5.0198 -4.9775 -4.9556 -4.9565 -4.9375 -4.9144 -4.8714 -4.8359 -4.8154 -4.8152 -4.8071 -4.7846 -4.661 -4.5699 -4.579 -4.5465 -4.3836 -4.0594 -3.8542 -4.1885 -4.7861 -3.8915 -3.9016 -3.8701 -3.8158 -3.7347 -3.8104 -4.531 -4.1133 -3.9277 -3.8555 -3.6497 -3.8439 -3.8963 -3.8898 -3.8881 -3.872 -3.8629 -3.88 -3.8347
-9999 -9999 -9999 -9999 -9999 -9999 0.6141818 4.800465 5.3022 -2.430559 -4.861118 -5.6929 -5.8482 -5.8216 -5.0962 -4.7795 -4.8528 -4.8036 -4.7647 -4.7386 -5.7745 -5.4487 -4.6516 -4.9609 -5.0436 -5.0297 -4.9973 -4.9542 -4.9421 -4.9395 -4.9186 -4.8952 -4.8849 -4.8382 -4.7759 -4.7302 -4.7469 -4.7632 -4.7237 -4.587 -4.4474 -4.456 -4.4215 -4.1972 -3.9927 -4.3456 -4.8588 -4.2699 -3.9856 -3.9345 -3.8958 -3.8323 -3.7649 -3.6875 -3.75 -4.1106 -4.0648 -4.4749 -4.09 -3.605 -3.7614 -3.7837 -3.7712 -3.7616 -3.8227 -3.8291 -3.8272
-9999 -9999 -9999 -9999 -9999 0.6476818 3.193762 5.4982 -0.5851346 -4.861118 -5.2702 -5.1376 -5.0286 -4.9931 -4.9125 -4.9475 -4.9812 -4.9619 -4.8702 -4.6997 -5.3352 -5.3932 -4.6055 -4.8968 -5.0049 -4.9733 -4.9513 -4.8792 -4.864 -4.8652 -4.8559 -4.8244 -4.8329 -4.7759 -4.7221 -4.6992 -4.6849 -4.698 -4.6089 -4.4408 -4.2298 -4.1476 -4.0525 -4.0235 -4.7451 -4.8605 -4.1156 -3.9968 -4.0252 -3.949 -3.9209 -3.8957 -3.8567 -3.7952 -3.7719 -3.7326 -3.6674 -3.6316 -4.4849 -3.635 -3.6368 -3.6817 -3.6624 -3.6334 -3.6793 -3.7362 -3.8186
-9999 -9999 -9999 -9999 -9999 0.2426818 3.540296 5.4417 -1.170269 -4.861118 -5.3813 -5.3165 -5.2343 -5.1563 -5.1471 -5.122 -5.0335 -4.9567 -4.8896 -4.7521 -4.7634 -5.6329 -4.6548 -4.635 -4.8233 -4.8692 -4.8524 -4.8342 -4.8742 -4.8535 -4.8298 -4.7947 -4.7863 -4.7306 -4.6708 -4.6542 -4.6595 -4.6296 -4.5221 -4.2709 -4.3358 -4.7763 -4.8063 -4.8872 -4.8639 -3.9963 -4.0483 -4.0694 -4.0214 -3.9759 -3.9647 -3.9894 -3.9473 -3.9108 -3.9258 -3.9531 -3.8749 -3.6224 -4.047 -4.2778 -3.8325 -3.5415 -3.5572 -3.5512 -3.5883 -3.6476 -3.692
